3.286581411640726402e+07 1.253781306187015586e+07
1.059404335175364651e+07 2.885123853490612470e+06
1.655162182549643889e+07 6.537747197727832943e+06
1.259004187934658676e+07 3.439987587605343666e+06
1.325180570534890592e+08 1.408275227507449314e+07
2.107130318123264704e+06 1.700773645772669930e+06
6.305600186280128546e+06 2.841713441575048491e+06
1.096134911381055415e+07 2.726974766966689844e+06
5.010828204582655802e+06 1.061453442940956913e+06
4.881889198958410323e+07 3.810161816527460515e+07
5.525093192322968505e+06 2.711397003842262551e+06
3.435699087638545316e+06 3.009348349217583425e+06
3.433526436993115395e+07 8.094856094612783752e+06
2.264398984124202281e+06 1.200305699647392146e+06
9.140185061685202643e+06 1.599170277354005259e+06
5.905960270500047505e+07 2.506372624634900130e+06
1.191734379846203327e+07 1.078530761020661518e+07
1.689810990228405893e+08 3.338682426138012111e+07
5.422836608677573502e+06 1.663653980497143930e+06
1.643219704165283591e+07 2.447881461180465762e+06
2.212780780881456658e+07 1.753101865566210076e+07
2.332106162407946587e+07 6.772052659489952959e+06
3.216658981718503404e+06 2.438168434765599668e+06
2.426765568959842920e+08 1.387772789586713351e+07
1.634046290329021215e+08 2.625754807485454250e+06
1.571522232866075039e+08 6.984929821749099530e+06
1.480540712047293410e+07 1.071241731110207271e+06
1.832808323558378220e+08 7.008189963953122497e+06
1.589372048953043856e+07 1.519307615720662521e+06
1.048292576155433804e+07 3.234593999791567679e+06
1.184289146294574253e+07 2.063109291974018095e+06
1.346050797028938308e+06 1.019419043100832729e+06
2.793730523072369862e+06 2.428043598751273006e+06
3.849269528145209886e+06 3.649698076047947630e+06
6.755850081800826825e+06 4.366942595329335891e+06
2.256418398093274236e+07 2.817885286130391993e+06
7.953079989750177599e+06 1.926715112566432450e+06
6.575037266975549981e+06 2.186808375453400891e+06
1.473468947201382369e+07 2.071061477342914091e+06
2.910088035416539907e+08 2.641304169947849214e+07
1.413049378794990014e+06 1.212185696575282374e+06
9.983769926014928147e+06 1.745405286155599402e+06
5.927005161065590568e+06 1.744652668611757690e+06
6.356039762048555911e+07 2.330316920699945092e+07
2.464297043834829703e+06 1.251811720275112428e+06
1.519435418699805159e+06 1.495067650676544756e+06
1.737907511379211908e+06 1.690038195524659939e+06
8.848169454674521461e+06 3.442401643878043629e+06
1.268796736203213595e+07 1.281082862598158419e+06
1.153521289082453959e+07 1.085831151195928454e+07
2.350864799679932371e+07 9.274534393426500261e+06
1.699069606050763652e+07 2.749212485337567516e+06
1.731616764739174396e+07 4.237208371168200858e+06
3.549798747351190541e+06 1.421651939324414125e+06
2.260295088460611552e+07 1.645591159444936551e+06
2.574292807883883361e+06 1.752221445043224609e+06
1.205640764010060579e+06 1.007169837566529517e+06
5.263821301961681247e+07 1.203544795152115636e+07
1.535481792747756653e+07 4.414698308535760269e+06
4.069005450285030529e+06 1.907289059736700263e+06
2.888801739223726839e+07 4.611230889795623720e+06
5.185463875416021794e+06 1.119389373452670407e+06
1.147118359827390872e+07 3.626111326230561826e+06
4.459912162490341812e+07 3.270449835606680252e+06
2.713186245550264604e+06 1.246022245319935493e+06
2.398790916858547833e+06 1.108388377014663536e+06
3.054619004496227950e+06 2.189350234705244657e+06
8.048463613183882833e+07 2.665600936316030473e+07
1.289522119320899248e+08 4.131302302451723255e+06
3.880623859028286487e+07 1.008126939877000265e+07
3.895591007919030637e+07 1.717757241667669639e+07
2.490241048600853607e+07 3.322494048779902048e+06
9.827992294770658016e+06 3.206960155634653289e+06
2.989056076195882633e+07 4.653192867947566323e+06
2.512294162668524683e+07 4.574622436436668970e+06
1.206106534867381491e+07 3.130363570134963840e+06
5.185648479719229043e+06 1.936967751559902215e+06
6.321689161321126856e+06 3.692824481343193911e+06
1.044501087774192169e+07 2.274381816828370094e+06
1.791570562288245186e+07 4.186569990765551105e+06
4.650636808364707045e+06 2.178160373864726163e+06
4.128774643530895468e+06 2.826220880436717067e+06
3.331184651361624245e+06 2.191764290977945086e+06
1.885193344675981905e+06 1.834611765597395599e+06
5.952097145970661193e+07 7.594919240867499262e+06
1.821391257421605662e+07 2.787340374115221202e+06
1.460362041673719287e+08 7.518990070925558917e+06
9.577328051678236574e+06 3.192944428921973798e+06
1.066839628495282494e+07 5.282352733937412500e+06
1.772073507803433342e+06 1.321553805993433576e+06
2.473939068594616279e+07 3.929529799046998378e+06
2.466895704410736915e+06 2.026032227691539563e+06
5.044880598358751275e+06 1.586602984404946212e+06
1.490764950378731266e+07 1.974456625441841315e+06
9.774755253792101517e+06 8.964129357750246301e+06
6.939772769118583202e+07 2.724219902749607712e+07
8.759843395755711198e+07 3.150528040177522227e+06
2.908057388081268594e+07 2.436847803981122095e+06
3.689728809181731194e+07 3.000757148952972610e+06
5.992326683738666028e+07 1.486050440481457114e+07
1.987265324018170685e+07 3.533326363372762222e+06
6.614627789847840555e+06 2.095358243711095070e+06
7.785942093693200499e+06 4.038077129332431126e+06
3.177963079700213671e+07 4.444476402676072903e+06
2.244177712757580355e+07 1.089878245535456017e+07
5.463847164651451632e+06 2.008864027493333211e+06
4.005984381236528605e+07 2.530030376107366383e+07
3.885281567601496726e+07 1.572786062326488784e+06
6.018426892145865411e+07 1.022591397049781680e+07
3.686931343971601129e+07 3.256022299294539541e+07
1.393624745998359844e+07 3.873424291203232482e+06
1.271287474263400026e+07 4.641804202472825535e+06
1.460319440680671856e+07 2.172068431858911645e+06
2.532032622780606151e+06 2.447185644960687030e+06
8.555131423830698431e+07 1.649212243853987660e+06
3.934173307289192826e+07 2.907787581791966688e+06
3.924020070612834394e+07 1.352243561384966224e+07
8.411693880239233375e+06 2.831631206553769764e+06
1.093803217028246880e+09 3.048456060835333467e+08
1.848996700916488469e+08 4.666058367847958580e+06
4.070397082724587526e+06 1.143318351247539977e+06
6.502587178132499754e+07 4.621440927796045318e+06
5.435077294013267383e+06 5.015642116797041148e+06
8.106926375976286829e+06 7.740586236428458244e+06
1.033464590508645400e+07 2.786459953592236619e+06
7.371335029022375122e+06 4.727290195188459940e+06
2.592795839197582752e+07 1.000776848543177708e+06
5.821809108899907209e+06 3.522917520738117862e+06
1.278586444405565411e+08 8.675010618266807497e+07
1.419067479079522848e+09 6.017120461692403257e+07
2.588223332610467449e+06 1.048607823503986467e+06
2.513628993784018233e+07 1.432302187586328760e+07
3.084269295657398179e+06 3.042136913533263840e+06
4.929886317792105675e+07 9.814658183946739882e+06
1.770326867088479549e+07 7.941364716662070714e+06
5.617139737967941910e+06 3.882739708349653985e+06
1.856579677678971319e+06 1.763297703235615743e+06
5.898192689434357733e+07 1.190648054523488041e+06
7.891095544865834527e+06 1.314375538664903026e+06
1.433509215722678900e+08 1.370134558431881247e+06
2.701300568489967659e+07 1.404858627865027403e+06
9.247255557544982061e+06 2.968039586292370688e+06
1.390523393704490270e+06 1.186150809690756956e+06
2.812233554386069626e+07 2.741771511885242909e+07
5.041557720901032910e+06 1.054236834718683735e+06
3.023236272951119766e+07 3.255582089033047203e+06
6.359589844802526757e+06 3.589815280153956264e+06
4.487702210288430750e+07 6.862537168723178096e+06
7.015119725488874130e+06 4.008923849756817333e+06
7.545658292573392391e+06 4.416515950905793346e+06
1.848158881386550888e+07 5.475491436084479094e+06
1.481335930584183037e+08 4.000588255450491607e+07
5.675957509035742283e+07 3.547867502333029173e+06
4.507199264773242176e+07 6.058826833886060864e+06
1.127372799549801588e+09 4.029642132708994299e+07
6.443712605740635842e+07 4.717009155532957986e+06
2.480442820199892391e+06 1.576336145080460468e+06
2.776732726846354455e+07 1.095957407243356807e+06
1.037598306867370009e+08 1.498859139057786390e+07
6.388601121067982167e+06 2.536789733670928050e+06
2.145187205245839059e+07 6.925217429827299900e+06
5.896332446071276069e+07 1.392917569513768656e+06
2.694910419532819185e+06 1.922966225178238703e+06
3.970313149724622965e+08 7.888028273366405070e+07
1.995785522627701983e+07 1.311423289846700383e+06
3.729219929736909922e+06 2.074796164400092093e+06
3.904409413479896262e+06 2.062825285353699699e+06
7.175952674574798904e+06 3.747140747478957754e+06
6.892400464849586599e+06 2.983844554713051766e+06
4.060499452006514668e+08 1.142251906388246827e+07
9.094317992503890768e+06 5.220652295673388056e+06
1.328034837069083704e+06 1.066775727005711058e+06
5.491878618076812029e+08 8.687194502278439701e+06
2.297712960687471088e+06 1.039009819770349073e+06
6.376814846324796975e+07 3.736518899879075587e+06
7.694307357647686265e+06 5.228434077070093714e+06
9.537751729136962444e+06 3.823921937281853519e+06
5.220055881770720333e+07 2.000528433187008277e+07
2.087051050066801533e+07 1.791485360302149877e+07
1.368684704635159345e+06 1.081940260497575626e+06
6.017163062685451470e+06 1.698686197113334667e+06
6.031903006279940717e+06 1.250988101076190826e+06
4.443539180829024874e+06 2.913098505591908004e+06
1.515729132304659188e+08 3.996853568393314257e+06
7.105192425122638233e+06 3.737186315436821897e+06
1.131577517563605495e+07 2.709579361472229473e+06
2.516525861311258748e+07 6.279386375224802643e+06
7.104851617178257555e+06 1.904704599491809262e+06
4.195232192685241252e+07 2.040601767313838704e+06
1.619689755671960674e+07 4.851741896211684681e+06
2.627799655151741952e+07 9.426563137282576412e+06
1.079284798597605154e+07 8.757770147427391261e+06
1.508231357528271386e+06 1.295301654044364812e+06
2.547738188884176314e+06 1.209426572258895729e+06
1.213554608485213667e+07 1.282599457950654905e+06
3.603049988660762459e+07 3.061023353784392588e+06
8.428024260907500982e+07 5.455241764055825025e+07
2.117425558109782040e+08 2.168177541160558537e+07
2.663967898249203339e+06 1.606838456102583790e+06
4.485160351036586761e+08 5.150729865751164965e+06
1.418191318655842543e+08 2.380074880579609890e+06
8.596738393707243726e+06 2.544429511757474393e+06
2.899551389802752808e+07 3.516271765822682995e+06
3.050145900226224065e+08 2.595664306062791944e+08
3.399743849506322294e+07 1.947248791215403704e+06
2.494004136320063472e+07 3.395370147553429473e+06
4.006069583222623449e+06 1.996779545798813924e+06
3.273999918360651731e+08 3.025920135513122194e+06
1.760798444976820052e+08 1.125178848407847136e+08
4.228574569910542667e+07 5.745908339619995095e+06
5.228973689648697153e+06 1.598829469409624115e+06
2.474152073559854925e+07 9.022776724845858291e+06
6.559530505506201833e+07 7.040353713704104535e+06
3.365592053413115907e+06 1.357469283198812278e+06
7.198971411151549779e+06 2.497696222384193912e+06
2.961010422439507842e+08 7.720663172013171017e+07
1.476692422341988422e+07 1.867073722299711313e+06
3.511046044008836746e+08 1.923747243384112418e+07
1.300189407980033010e+07 3.768356042016691528e+06
5.702881336641861126e+06 3.932369865250175819e+06
7.791025812196886539e+07 6.376914248641907237e+06
1.482983168982025683e+08 1.467462207181662321e+08
1.789440512635862455e+07 3.473770175092136487e+06
3.532048333581332117e+07 7.800298628350260668e+06
7.649618915940693580e+06 4.979331870389420539e+06
1.961804130506686866e+07 1.527231400427526608e+07
2.433752131819659173e+08 9.296303500873852521e+06
1.064074824046489447e+08 2.765528665674820170e+07
1.547466872125164419e+07 1.476678222010972351e+07
2.415589908450340852e+06 1.829670050403867150e+06
1.106432991433776021e+08 9.574303381171854213e+06
2.612250292689346522e+07 1.707192195391850173e+07
2.733506919233997352e+06 2.584588047870400827e+06
5.697343207545666024e+06 1.573851087152680382e+06
9.823419788183543831e+06 2.666708562135269400e+06
1.141409826759004593e+09 1.025858893216536999e+09
2.398705714872452244e+07 1.037528725245392066e+06
5.517879424166898429e+07 3.114998811975775287e+06
6.933751828767847270e+06 1.204645320805846946e+06
8.687364906250629574e+06 1.769418045903462917e+06
2.166814309383033775e+06 1.338206534175762907e+06
1.175235015238845348e+07 3.659794511400243267e+06
5.614512676730003208e+06 2.874928015821206383e+06
3.251705398665710688e+08 5.912449821774307638e+07
6.440631133910189383e+06 1.354149245807298226e+06
1.600647111779657379e+07 9.779313560048202053e+06
8.133196988355676830e+07 2.153366595910989214e+06
1.436562286891094595e+07 2.054759497336676810e+06
1.759179607241009362e+06 1.238176562433658633e+06
9.554451318411644548e+06 8.292695106326106936e+06
2.102003998626529574e+08 3.848133501663938910e+07
8.471008662892589569e+08 8.402364262761797756e+06
2.241664254167769104e+07 7.254082895824204199e+06
2.330174917389786243e+09 8.582609064346436411e+06
1.036137092805835307e+08 4.348098756071254611e+07
1.626946124821078591e+07 1.056768753738816129e+06
8.844931779202899337e+07 6.483714938212385401e+06
2.571055132412260771e+07 3.663344594154214486e+06
4.899341405776934326e+07 3.669535938477141317e+06
1.050441086238137260e+07 3.441208816072709393e+06
5.037255020603219420e+07 8.136207458531043492e+06
8.002823749298825860e+07 7.395134783804999292e+07
3.924360878557215910e+06 2.262368336788930930e+06
5.061409783661242127e+08 1.005339414898581654e+08
3.003796019790371880e+07 1.169579023395217955e+07
9.174308457116377354e+07 4.911283884161294438e+06
1.788659494429988554e+06 1.034759660697294399e+06
4.811881567050092854e+06 3.763215522188941482e+06
2.895575297118304297e+07 1.269026781565671042e+07
8.938895369535017759e+06 3.281100083868594375e+06
8.631713808999371529e+08 3.634262316233680397e+07
6.378206478764353320e+06 6.101697633223020472e+06
2.890534179607664943e+08 8.229702437939637899e+07
4.768613158444688469e+07 3.819193227053564508e+06
1.371795997160739824e+07 1.348602596512493119e+07
9.088282851822139323e+07 7.977816966379850172e+06
9.077859808856477961e+06 2.259925879854198080e+06
2.463856833573337197e+08 7.651976170889331400e+07
6.948548573686399497e+06 4.258381064712886699e+06
3.027354368945726659e+06 1.348586976148375543e+06
5.318918586303318292e+07 3.269739819055886008e+06
9.995030788510525599e+06 4.510550542892990634e+06
7.063486052928981371e+06 3.565987124709300231e+06
2.700973960876602307e+07 1.948157612400420476e+06
1.716692216841478134e+06 1.350452899643863086e+06
1.057670474758324958e+07 1.475883003474082798e+06
1.153803875669670105e+08 1.520017632271456532e+07
1.049292279458952136e+07 3.104135558748622891e+06
4.202815169447725415e+08 1.635707729057879886e+06
1.336968265311177820e+07 1.081260064641914889e+07
1.214277405333922356e+08 3.893389956611568481e+07
2.359555402261654288e+07 1.073127535069116764e+07
5.629323621979571879e+07 4.944271253111198545e+07
5.480631955912229419e+07 3.922316030890927650e+06
1.150500878675375134e+08 4.206237449222552776e+07
7.619926023786476254e+07 1.544953413535352331e+06
2.849069213041277975e+07 6.497176852015445940e+06
3.924559683191437274e+06 2.705532267132701818e+06
3.194265059706450701e+08 1.193343277350303158e+07
1.482741763354755938e+08 2.458347105139173567e+06
1.016054984683169238e+07 4.657523968907412142e+06
2.894027461037572473e+07 4.052447864320507739e+06
1.765811161825428009e+08 1.101582158358749235e+06
1.246233830252072401e+07 6.159024369534152560e+06
3.356901450831393898e+07 6.637887932051861659e+06
4.636592680989995599e+06 2.846768759416704066e+06
2.292501439204640687e+06 1.893429536665195599e+06
3.489120732920309156e+07 1.503005635714425147e+07
7.859798015306821093e+06 4.893703874363628216e+06
2.664237704538505524e+07 2.178245575850821659e+07
3.476340435006012022e+07 1.576662752693826146e+07
1.101592098590460271e+08 2.789314220126429573e+06
3.448408383897763491e+07 1.008040317857803078e+06
8.438092295597765595e+06 4.251224097880880348e+06
4.065540569517154992e+07 3.025153317638264503e+06
6.814966059819959104e+06 1.785407618627350545e+06
1.941227850864668144e+06 1.672046376127532218e+06
2.980436475269239545e+08 7.474159625908405520e+06
3.340599470825156569e+08 3.315663689561260939e+08
7.517328632196699269e+06 1.348173746515813284e+06
6.375025604616795667e+06 4.551887706480234861e+06
1.709009837761883810e+07 7.288575499861790799e+06
3.112314949413772672e+07 8.026765507391611114e+06
9.495576746019780636e+06 7.818446651388562284e+06
1.503232841010679491e+07 4.439989098075053655e+06
1.255292221407106072e+08 4.280661384076812118e+07
4.106593726484080553e+08 1.224896412867601812e+08
6.692772211428260431e+06 5.983167470233419910e+06
3.515902557216269523e+07 1.355104928084667213e+07
8.200747962998245843e+06 5.925613528626034036e+06
4.415039116480141878e+07 5.704272969081417657e+06
2.318715250259966590e+06 2.113094457149936352e+06
7.662072606241624802e+06 1.907175457088573370e+06
2.187433190018100198e+06 1.435113853127473965e+06
6.952680870012022555e+06 1.535325589106581639e+06
4.033817030027665198e+06 3.824532551515536383e+06
2.515631240457257926e+08 3.461273883798155934e+07
2.224510254300578684e+07 6.403852276579043828e+06
1.325579599836437035e+10 1.325646341392211849e+06
1.703670513299910426e+08 2.362793077733276784e+07
1.334680591984518468e+08 7.320852852260899544e+07
2.021360318787312806e+08 3.650124085978425294e+07
6.496736641753953882e+06 3.002901398936371319e+06
1.498404728465277851e+08 6.374571194024286233e+06
1.524632739851619489e+07 1.506683521447539702e+07
2.128658019943347573e+08 7.614643500648567080e+07
1.500577379110708460e+07 1.207407285188436741e+06
6.243999150333215483e+06 1.991170415047539165e+06
2.455535439598028362e+07 8.927662907701451331e+06
7.210544680929496884e+07 2.012783318853717763e+06
6.562413172702427208e+07 7.931850494881426916e+06
2.305423740429097041e+07 1.328541788886351045e+06
1.310706173130398035e+09 1.065063167085195184e+08
1.604921411415439285e+07 1.393051052625318058e+06
8.371450142140212655e+07 1.451572036774886027e+07
4.151551974480376393e+07 2.467364315334261395e+06
1.108991891082838550e+07 2.499556465747274924e+06
6.095534689562126398e+08 8.247183045420194045e+06
1.488194690464855731e+08 4.487404003337096423e+07
1.173874623527523279e+09 4.659412612932524085e+07
7.028297632671615481e+07 9.343832008784024045e+06
1.909816718657528237e+07 5.674154066996723413e+06
9.518325676307232678e+07 1.195548588757070154e+07
1.065465036452944726e+08 5.007988138379477896e+06
4.506957859145972133e+07 5.242677009079026990e+06
3.240799544445509464e+07 7.238703937333999202e+06
1.544882411880273139e+06 1.183056557562395465e+06
1.769290242924319953e+07 1.666920056630797684e+07
1.195855315907013267e+08 1.730367135609776154e+07
7.493883885689469986e+06 6.336045695978187956e+06
9.974269904565300792e+06 1.392862188222806668e+06
1.320193414282111675e+08 1.164148816814743169e+07
1.477899450478338450e+07 6.552018530398798175e+06
3.375631687441348284e+07 1.131157187765535153e+07
3.420518933782563359e+07 2.173119256354087032e+06
1.166714816629313827e+08 7.230978957261358202e+07
1.199087311246229112e+08 4.811072148182187229e+07
5.376912738172198087e+07 1.318965085649237502e+06
8.257251080110456795e+06 5.566771163854593411e+06
3.961523144825790077e+07 7.088166228234592825e+06
4.863655973934013397e+06 4.843576705877549946e+06
4.804980206176372245e+06 2.282049995576948859e+06
1.534587171893755794e+08 1.136958022985524386e+08
1.713823749976269202e+06 1.154841919866931392e+06
3.032182481491128448e+06 2.680951494144203141e+06
1.487910683844538331e+08 1.975209242985683307e+07
8.737790281688039005e+07 1.559238946537333913e+07
3.997890192557474133e+06 1.218675247849542415e+06
1.098164138683225587e+07 7.016568159252493642e+06
2.582614201859192550e+07 6.946972336943637580e+06
5.760903889172771573e+07 2.234237481046460103e+06
2.220860769229495525e+07 5.371033801131621003e+06
2.590055175311516598e+07 7.853890677604215220e+06
1.117010818007509261e+08 2.908540199335808307e+07
1.364884696055307984e+08 1.401294344780039787e+07
8.444439843561865389e+06 1.022774581319886493e+06
2.117084750165400654e+07 9.020788678503632545e+06
4.032993410828743577e+08 4.411503234057185799e+07
1.096295375121534988e+07 3.567222553507681936e+06
4.905333945465638489e+07 2.566397423839050531e+07
5.474312808610160649e+07 2.700675753925269004e+06
1.561525199830891564e+07 3.093073500887247734e+06
8.792631960071392059e+08 2.034495624977007806e+08
2.436109386768296063e+08 9.696767035852855444e+07
2.447498052243036926e+08 7.322627893637886643e+07
8.200591759357070923e+07 1.764916540971427411e+07
3.314712267383196391e+06 1.241610202473299811e+06
1.745405286155599402e+06 1.375107514353644568e+06
1.026357324835194647e+08 1.000426100367085077e+07
1.611112755738365650e+08 6.292095671484021097e+07
8.531601475337374210e+07 4.549857059144963510e+06
4.877756902632787079e+07 2.435115363597184047e+07
1.341785017591766119e+09 4.680713109456352890e+06
7.663563640998293459e+07 7.185779303637792170e+07
2.245768149831359982e+08 3.905517039299134631e+06
4.455779866164718755e+06 1.354160606072110822e+06
1.330348070991571695e+08 8.313214584644062817e+07
2.565928812915526703e+07 1.121993714160983684e+06
3.050500908501621485e+08 2.769050347766759805e+06
3.416202033153734207e+08 1.408660056477980018e+08
1.651313892844339013e+08 2.120606432257340476e+07
3.416329836132876873e+08 3.099421048851348758e+08
5.830513911812645383e+06 1.933389268143898807e+06
5.681311033828730695e+06 4.203496785336486995e+06
3.843120784815331697e+08 2.171784425238593519e+08
3.963070980906520784e+07 1.666110637762891874e+07
2.341336377568272650e+08 2.269440101634841859e+08
7.117972723036936522e+08 3.329707816935972571e+08
4.401236394732701033e+07 3.833961571310085058e+07
1.250096320288393460e+07 1.247795866663819877e+06
1.858255316738846153e+07 1.546472848954052432e+06
3.639118829441112932e+06 3.197985546432613395e+06
3.405367180588613264e+06 3.147829977284504101e+06
1.968052276153676584e+07 4.725486753149442375e+06
1.093824517524770834e+07 1.076750039511269517e+07
3.902861577399164438e+08 1.362149712301648408e+07
1.811025015780008957e+07 1.115176135240257019e+06
2.324594187300542835e+06 1.683023232002812438e+06
1.149593477523460053e+07 4.506120039616034366e+06
3.253721845669966191e+07 2.713512853163629770e+07
9.077604202898193151e+06 1.023247452342715464e+06
5.010373793990147859e+07 2.603673292755751312e+07
3.312695820378940701e+08 4.947949138844312169e+06
2.505733609739185333e+09 1.447879950710755587e+07
4.049494195469203591e+07 2.922925134654901177e+07
1.048313876651957631e+08 3.061875373645345867e+07
1.658201053387043439e+07 6.212559617464043200e+06
2.427120577235240042e+08 3.559000561849483848e+07
1.929768183734847978e+07 1.534615572555787489e+07
1.102020948587140068e+07 8.257875894675155170e+06
1.301443297208735704e+09 7.726045097468192875e+07
4.579478949644102156e+07 8.365500203444557264e+06
3.671026973233808763e+06 1.719929892313100165e+06
5.178306908584015965e+08 2.195797184986456763e+06
1.191463153523799777e+08 1.084561641603108309e+07
4.508846503171084821e+07 2.916591787021816242e+06
2.036781878270565271e+08 9.087743239243535325e+06
1.439743161038652761e+06 1.166755997589259641e+06
1.866420507072980165e+09 1.131632898854567437e+06
7.777805304021096788e+06 3.373061427527471911e+06
4.555508790889286399e+08 1.194827211941463128e+07
2.824488440052779317e+08 2.573525990009025335e+08
7.052693801356908679e+07 2.731220665940439701e+07
1.365927000351874352e+09 3.697780396867737919e+07
8.899461050303903222e+07 5.053216192665075511e+07
2.186836776115432680e+08 4.708517357585458457e+07
2.218773320570160151e+08 2.107996538315233886e+08
4.523373441800335795e+07 3.406858215345281363e+07
7.155987009166462719e+07 6.397036117691417225e+06
4.897339159103694558e+07 6.942612835321759805e+06
5.713474783579712361e+07 1.134170498007106129e+06
1.280804536110246778e+08 7.154524375071826577e+07
3.441265617396773398e+07 1.157902091200854862e+06
6.319615912992806733e+07 1.129100979834434763e+07
1.174960948850238882e+07 8.229333229333224706e+06
9.511665721060780808e+06 4.890196392602704465e+06
2.837794150214663982e+09 3.216559579401392341e+08
1.390316068871658146e+08 3.498521352052825689e+07
8.603156943326425552e+07 9.270728704714242369e+06
1.921475190421570465e+07 5.430675191398342140e+06
4.008796046777674198e+09 2.519891339762023449e+09
1.063012639286501110e+08 8.040781234104290605e+07
3.160354669240515679e+07 3.624833296439131722e+06
1.149302370737634301e+08 1.181731666678613052e+07
7.580520105217392743e+07 4.396933694434887730e+06
1.494315033132702708e+08 4.973239928383605182e+07
3.126430078443563357e+07 2.441122103616903722e+07
3.125308252293308731e+06 2.953328043359912932e+06
3.193739647458863735e+09 1.298167280843370594e+06
1.009657735560512692e+08 7.253855690527950227e+07
1.236064973211596459e+08 3.023619681888548657e+07
2.324579986969527304e+08 2.325034397562035546e+07
1.522460089206188917e+07 1.220274205121931154e+06
9.399738711993566751e+08 2.961408031707952172e+07
3.133913652888936177e+07 1.556384680003140820e+06
1.109061472704816423e+07 1.076532774446726218e+07
2.745449397618357092e+07 1.002003757142950036e+07
5.608023125455742329e+07 5.077299954068017751e+07
1.467121399237281084e+08 1.188969575397410244e+08
1.262760175488360524e+08 4.601574664704819769e+07
9.016216171916517615e+07 8.101856857803615928e+07
1.368860788739756048e+08 9.280967143376697600e+07
2.684217570277856588e+08 6.275623287505593151e+06
3.223247935309874639e+07 1.337510717955984361e+07
2.292870647811053693e+07 1.144004227235607337e+06
3.324837103397523165e+08 9.870692690135426819e+06
1.124643495928548090e+07 1.349745723159271991e+06
1.209070143950397074e+08 1.164148816814743169e+07
2.383383557706311345e+08 2.888602934589504264e+06
9.868321234855774045e+07 1.749878390425603604e+06
2.275560444302688539e+07 1.084337276373057254e+07
4.052391062996444106e+07 3.568954993891619891e+07
2.938559699103391647e+09 1.281947662757025566e+06
4.855732189227148890e+08 1.268069679255200177e+07
9.851508042932964861e+07 4.950490998096156865e+07
8.156528132214775681e+07 2.066559972410878399e+06
7.993522532483421564e+08 8.804773243089973927e+07
2.321597917456191406e+07 1.699041205388731882e+07
7.327001595590778589e+08 5.269231628078733385e+07
2.334704822983854115e+08 1.269174465008236002e+06
7.984604724605443954e+09 1.337168489978501573e+07
6.586880343042798340e+06 2.128445014978109393e+06
1.150526439271203518e+09 4.876493073172373697e+06
5.984246695390626788e+07 5.355953049592749774e+07
5.053826806898759604e+08 1.627556739054761594e+06
2.607990193384580314e+08 8.691724407872503623e+06
5.557129139094807208e+07 8.642577062226524577e+06
2.426126554064128101e+08 2.139748478466754779e+07
1.325318313745744713e+07 8.303174950615831651e+06
4.575133648353240639e+07 9.468752320730773732e+06
5.098770854564038664e+07 2.248239007428124081e+06
