5.276828805172233284e+07 8.204738256013710983e+06
3.132749225745633245e+08 4.211761377987733483e+07
7.257405773281921446e+07 4.653945485491408408e+07
2.386990441784346104e+07 2.216543868600666057e+06
4.551390694894679189e+08 1.002869977334919153e+06
4.636791485624217987e+08 1.819261207769222930e+07
5.916496916113835573e+07 3.307455898234078661e+06
3.235233014687282443e+08 1.095339692844165675e+07
1.266341498970566876e+07 6.693184021027721465e+06
1.458075788380161822e+08 1.856679079996082466e+06
1.134231559430474415e+07 1.564365266034068540e+06
8.639893199664520100e+06 2.953299642697881442e+06
5.780187938692344725e+07 3.972500000701069366e+06
5.793096039585785940e+06 1.683591245243447833e+06
3.460492865592282265e+07 2.738576437406668440e+06
9.567515622946259975e+08 1.001912875024448335e+07
6.427339624079319835e+07 1.963607572545704199e+06
2.978036619327554703e+08 1.234809663949791938e+08
3.701188476311551034e+07 3.543209793759818655e+06
6.266151666717996597e+08 3.496206698097235709e+07
4.613460341765116900e+07 6.497617062276938930e+06
5.475235830126193166e+07 2.090700535137884086e+06
6.374159384424825013e+07 3.153751515318128467e+07
5.130991405639083385e+08 6.395275276645448804e+07
4.809495911439423561e+08 3.308364719419095200e+06
1.662844561629238129e+08 3.462977923520063050e+06
1.824955540506593138e+07 3.199504981851313263e+06
5.076178127917762995e+08 1.642197280332139693e+06
8.965123380921359360e+07 4.171986250812236220e+06
3.711852924904481322e+07 4.478784402410454117e+06
4.015171995403806865e+07 1.598304057162036188e+07
1.517887582619073689e+08 1.467845616119091213e+07
6.711885856975643896e+06 2.470758194447057787e+06
1.204452196304030657e+09 3.902847377068148553e+07
1.769801454840891808e+07 1.415551477119989460e+06
4.467750745211110264e+07 1.532925733164897002e+07
1.280778975514418259e+07 1.198942467869867012e+07
3.398054010115431994e+07 2.230715798954520840e+06
5.438627376767238975e+07 2.542342063098139688e+07
4.936177064432143569e+08 1.524874145478889579e+06
5.533045377691864036e+06 2.620372882030433509e+06
3.298609092011182010e+07 2.278414710836881772e+06
8.437155073750717565e+06 2.792296289639765397e+06
5.402175127049459219e+08 9.902089622011551633e+06
1.797222294032567739e+07 9.653612229895576835e+06
1.301431936943922751e+07 1.516936160441009328e+06
1.408546453829852864e+07 1.075953400941278087e+06
5.696831995629093796e+07 2.434320145060294122e+07
2.620372882030433416e+07 3.916408693188319448e+06
3.141581831637514383e+07 3.004520236672182102e+06
6.395601884258814156e+07 2.871605138363488950e+06
5.974207061362396181e+07 3.678112938410736620e+07
6.525250906433852196e+09 9.589100126090408862e+07
1.604083591885501742e+08 3.349659282013291866e+07
6.559530505506201833e+07 7.040353713704104535e+06
6.002082311146580614e+06 4.762237209818555042e+06
1.500804584406962991e+07 4.191667909600254148e+06
1.738887334219307661e+09 1.207418645453249365e+08
4.034157837972046435e+07 7.749930054236912169e+06
4.756869484694550186e+07 1.020029657334515825e+07
6.834363711987660825e+07 1.452977869545458443e+07
1.797009289067329466e+07 3.844810624206222594e+06
3.413390367612589151e+07 8.316523261770764366e+06
1.887820405913920701e+08 4.031757982030361425e+06
1.476664021679956466e+07 7.275752600954445079e+06
2.267579858271760494e+07 4.074969589311702643e+06
1.673338606249978021e+07 5.569213620789326727e+06
1.400209439490426183e+08 1.338232094771591481e+06
1.378041302741526663e+08 2.541774049857504293e+07
6.037157128755819798e+08 5.737302939024368525e+08
8.169535635425327718e+07 1.459581023467845749e+06
6.137326263741878420e+07 2.672076287259274349e+07
4.861781530239915848e+07 3.144223093206468970e+06
1.085434961960585117e+08 7.645273614649832249e+07
5.679422389803617448e+07 2.599881804374509677e+07
4.070681089344905317e+07 3.216048367484820634e+07
2.732654899373044074e+07 4.677461233653714880e+06
1.627783944351015799e+07 4.166547524033152033e+06
2.612250292689346522e+07 1.707192195391850173e+07
3.803984672535549849e+07 1.638107584999564849e+07
7.113812026049281657e+07 1.521480266366092674e+07
1.325552619207506999e+07 2.512691771936969832e+06
3.803984672535549849e+07 1.638107584999564849e+07
1.030114732421998121e+07 3.244591032826751471e+06
8.208671747705110908e+07 7.177131302049118094e+06
2.316840806565869227e+07 8.766233544712860137e+06
1.549724724756690264e+08 1.219652230623435229e+08
6.151356190785574168e+07 1.215403491583482176e+07
4.048187765015741438e+07 1.068961157949056011e+06
1.050441086238137260e+07 3.441208816072709393e+06
4.070681089344905317e+07 3.216048367484820634e+07
5.128861355986700952e+07 2.531876419139431417e+07
6.160273998663550615e+07 4.164729881663118303e+07
8.439767934657639265e+07 5.066095892896484584e+06
1.181961712041070461e+08 3.247005089099451900e+07
6.037157128755819798e+08 5.737302939024368525e+08
9.394200582897371054e+07 5.837500474672461301e+07
5.399320860515265912e+07 2.403718431721059605e+06
6.288176380123636723e+08 1.428084689274610281e+08
1.237360043400245160e+08 3.201635031503696740e+07
1.118748938523853719e+08 4.691533761690457910e+07
1.678791533360078558e+07 1.200791350968135521e+06
1.363626546727300584e+08 5.742088450576723367e+07
7.200192639618916810e+07 5.983976889101325534e+06
5.668800542203734815e+07 3.388951597934249043e+07
2.384888792793995142e+07 1.751440426837351173e+07
3.466826213225367665e+08 4.305923772954072803e+06
9.139517646127456427e+07 9.191874266583025455e+06
1.560431774342668355e+08 3.804353881141962949e+06
7.231248763550658226e+08 2.828208926778941154e+08
1.181521501779578179e+08 3.987211543633527309e+07
3.382916457252497226e+07 2.926120209133475646e+07
3.895022994678395241e+07 3.095104148222519085e+07
9.681359676700619981e+06 2.162256003126934171e+06
1.073540764701679200e+08 1.400787392962772632e+06
1.036960712004756629e+08 2.149177498261303175e+06
1.481463733563326001e+08 1.470103468750617206e+08
1.215156405823805556e+07 4.350186204730589874e+06
1.419067479079522848e+09 6.017120461692403257e+07
2.961010422439507842e+08 7.720663172013171017e+07
1.166168103885202110e+07 1.427147467427562224e+06
2.895149287187828422e+08 3.264556698235087097e+06
4.992183169958798289e+08 2.127763399089346826e+07
5.459232057071289420e+07 1.370851675148183480e+07
2.693291581797008038e+09 3.762207298686813116e+08
1.746853719919219986e+07 8.239216659720281139e+06
6.149921957352969050e+07 1.687127127666403353e+07
1.430782752167628706e+07 1.194205237442967482e+07
2.838646170075617433e+08 9.104897239110726118e+07
2.710118974050832748e+09 5.666088278979700990e+06
1.210203330365464650e+07 7.224105997049667872e+06
6.634905862538525462e+07 5.792315021379911900e+07
1.381097213976145163e+07 2.527218710566220805e+06
8.133196988355676830e+07 2.153366595910989214e+06
2.976943193839331344e+07 4.418475596585986204e+06
2.602508865612448752e+07 1.160531992504996993e+07
4.613715947723402642e+06 1.232257864466237370e+06
1.131764961933014840e+08 1.373207510063718818e+07
8.549025281493866444e+07 2.350609193721646443e+07
1.481335930584183037e+08 4.000588255450491607e+07
8.269449164453102648e+07 1.081443248912019655e+07
3.329807219253083691e+07 2.893913858389445767e+07
9.364337286770963669e+07 8.743087005156964064e+06
6.726512197922006249e+07 8.657501610124219209e+06
1.940674037955048308e+07 6.994216838233488612e+06
5.294479816624978930e+07 1.065528937942516292e+06
8.820493009524561465e+07 3.388014376087200642e+07
1.510091600891352296e+08 5.232381769092509151e+07
3.724107810571190715e+08 4.064660148994169384e+07
2.658713775773325190e+07 3.516158163174555637e+06
5.947993250307069719e+07 2.639614330556958914e+07
2.041709393133077621e+08 1.106634636134201474e+07
9.525170235856889188e+07 6.740030913049129769e+06
7.961869994649010897e+07 1.591544699598474428e+06
1.213857075535851955e+09 2.048653354999845847e+07
1.083097587475370467e+08 1.476862826314178854e+07
1.257244766921790503e+07 2.726222149422848132e+06
7.940441695146039724e+08 4.474382299795529246e+07
2.094719228815380335e+08 3.531210514051395003e+06
8.121637918908745050e+07 2.574633615828264505e+07
4.756869484694550186e+07 1.020029657334515825e+07
7.117972723036936522e+08 3.329707816935972571e+08
1.543277774475477822e+07 9.606438730260804296e+06
1.148346688460265160e+09 1.027190884265827015e+06
4.976747410144529492e+07 8.403102679974621162e+06
7.218766672587695532e+06 3.842055759989140090e+06
9.273185361979991198e+06 2.496077384648382664e+06
1.365936940583585203e+07 1.564067059082735097e+06
2.609765234761566669e+07 6.968059828502226621e+06
7.862978889454380274e+08 9.602931248499879241e+07
1.812416648219565675e+07 3.295527620180734899e+06
1.219777193536375090e+07 6.336698911204918288e+06
6.044299895256808996e+08 1.062154939293141663e+07
7.718859729974154383e+06 5.442063856873082928e+06
9.115973497303117812e+07 1.357692228395761549e+07
5.707908253821485490e+07 3.122453985759115219e+07
2.475998116591919959e+07 4.895904925671090372e+06
1.945232344211148024e+08 8.456325520622164011e+06
9.816092417379345000e+07 1.384065083158465289e+07
7.624754136331875622e+07 1.360971084827329777e+07
4.523373441800335795e+07 3.406858215345281363e+07
1.053543858565108478e+07 3.080264802310918458e+06
8.247893061970987357e+06 3.904778622086308431e+06
2.295298904414770305e+08 2.293495462375752628e+08
2.386337226557615697e+08 4.300868455112417787e+07
1.620442373215802610e+08 2.149276900578414556e+06
9.921302669876044989e+07 3.787143079950708896e+07
7.906076894087596238e+07 2.367166779686169326e+07
4.720090627363405377e+07 3.813186487033843528e+06
2.157158084292231128e+07 5.120241755060057156e+06
1.131246649850935340e+08 6.314390191178961098e+07
2.389461299381110445e+07 3.134084056861125864e+06
2.012584514219495282e+07 1.588008817175518954e+06
3.507453360261818022e+07 1.403004064634352550e+07
2.207143249468149990e+07 2.194263549236741289e+07
6.223976683600815386e+07 5.436199120163521916e+07
4.719139205185341239e+08 7.147864419825376570e+07
4.269386321250198483e+08 1.291750151257291902e+06
4.513518412075310946e+06 2.755588433963700198e+06
4.682360347854195833e+08 1.316418966298088990e+07
1.646741386257223189e+08 1.272386579884029478e+08
2.807050433565271273e+07 6.009949294529381208e+06
4.467140130977427214e+07 2.555889178887295071e+06
8.154767291168806553e+08 3.477476461487282068e+06
9.192186673865376413e+07 2.999308715189351887e+07
2.128658019943347573e+08 7.614643500648567080e+07
1.203232387869766168e+07 9.981710878017624840e+06
5.179996747974905968e+08 2.641644977892230451e+08
4.873013992073482275e+08 1.336138965979849845e+08
5.939714457324809581e+07 1.174391515576501749e+07
5.352417167169794440e+07 2.553886932214054838e+07
4.675671991945713758e+07 2.805488397153523751e+06
4.043331251808308959e+08 2.861153694735797122e+06
1.342429712619887590e+08 1.653358740510626324e+07
1.600647111779657379e+07 9.779313560048202053e+06
4.412596659545409679e+08 1.541076723168015480e+07
1.994791499456590042e+07 6.274970072278861888e+06
6.012775160401542187e+08 3.250725575825613923e+06
2.119214799817783386e+07 6.756574298682636581e+06
2.954506670834231377e+08 1.968464085753137246e+07
1.005000026987302005e+08 3.937879593684338965e+06
4.548209820747120976e+08 1.315555586172323227e+08
6.584977498686670512e+07 3.599230099617489427e+07
5.495215695865544677e+07 3.787057877964613494e+06
1.977026885355716944e+07 6.234541729876633734e+06
5.061352982337179035e+07 2.158336711766549200e+07
3.007715311150756478e+08 3.788648315038392786e+06
1.369958474327284098e+08 1.892776321438464802e+06
2.002431277543136775e+08 2.477900960948049091e+06
2.901241229193643108e+07 7.052494996722685173e+06
1.599894494235815406e+08 3.311744398200876545e+06
1.596458014129970968e+08 1.154638855133404434e+08
4.296026142236000299e+07 2.395524840724894032e+07
2.576806266473694891e+07 1.961363920245194435e+07
1.953383334214266300e+09 5.566330953593101352e+07
2.808186460046541214e+09 2.446447227747860909e+09
2.843772489572352767e+08 1.440538379575542510e+08
7.268893841073772311e+07 1.360620336651237495e+07
5.764539173912838101e+07 2.525074460582822189e+07
1.133541423343102261e+07 5.743338079706121236e+06
1.000657565762644075e+07 2.466143086866895203e+06
1.744723670266836882e+07 8.185099198218738660e+06
1.137440834240064770e+07 7.161411535614532419e+06
4.202815169447725415e+08 1.635707729057879886e+06
1.219233320858466625e+07 4.138615472924903966e+06
4.811853166388060898e+07 2.050854406307308236e+06
1.467121399237281084e+08 1.188969575397410244e+08
2.342060594450083002e+07 1.516566951834596321e+07
1.049292279458952136e+07 3.104135558748622891e+06
8.078639316592642665e+07 7.650357333153520525e+07
4.160526583682416081e+08 5.911214392975924909e+07
9.971543441010251045e+08 9.875634405328955501e+06
3.237363064339665323e+07 1.343261852017418481e+06
2.386266224902536392e+09 1.236543524366831873e+06
2.057798368174076080e+08 1.519236614065582678e+07
1.311339507893706799e+09 1.977083686679780483e+07
2.581989387294493318e+08 9.645702645519728959e+07
6.790498889479589462e+07 6.775716344892050326e+07
9.643274388916011155e+07 3.911679982960029505e+06
4.117726786000536084e+08 1.707149594398802519e+07
1.353257465019500554e+08 8.309948508510409296e+07
1.763595910186949670e+08 7.051813380833923817e+07
7.268893841073772311e+07 1.360620336651237495e+07
9.779924174281883240e+08 1.152186457966960780e+07
6.816158887625293434e+07 1.851510159506300231e+06
2.910443043691936731e+08 6.514728461151082069e+06
9.036238638648916781e+07 1.074969318001877330e+07
1.115951473313724250e+07 6.233022294457934797e+06
1.069365867383008599e+09 8.757145332862693071e+07
1.724019587645675242e+07 1.663625579835111974e+06
9.151445924180799723e+08 1.901793531633552611e+08
1.857942909456496313e+07 5.744729712145677768e+06
4.396564485828473568e+08 1.644000722371157631e+07
3.842666374222823381e+08 7.720535369034028053e+07
4.956724943412130326e+07 1.061270258670851961e+07
1.196450309776579142e+08 4.933819809483505785e+06
3.512111068835029006e+07 1.926019296346653998e+07
3.286311605351424217e+08 1.000066831992383301e+07
1.411704607447785884e+07 5.114490620998623781e+06
5.193714267736252397e+06 1.339332620425322792e+06
7.220555914295695722e+07 2.378896253105291165e+06
2.416243123677071929e+07 1.421524136345271207e+07
1.970949143680917472e+07 2.595678506393807475e+06
3.501972032489685714e+07 3.369369341463342309e+07
1.469081044917473383e+07 4.269599326215436682e+06
1.835634189430539683e+07 1.073151675631843880e+07
1.311998403252843618e+08 5.119687942150438577e+07
6.434269385615071654e+07 2.226938510904294997e+07
5.056141460854347944e+08 2.822713398675793316e+06
2.924373568418521434e+07 1.578366792415732285e+06
3.705732582236634493e+08 5.748876208802316338e+07
5.838011686589033157e+07 1.109068572870324599e+06
1.309418203107257038e+08 4.622605354939348251e+07
9.385367977005490661e+07 1.383411867931734538e+06
2.709991171071690321e+08 9.173868246854884923e+07
9.900328780965580046e+07 2.189137229740006104e+07
4.008654043467514962e+07 1.365890079491232987e+06
7.791664827092600986e+06 4.770487602138784714e+06
4.190617085105078816e+08 8.027035313680913299e+06
1.512903266432497799e+08 4.834687298661605455e+06
2.425686343802635744e+07 1.895460184000467509e+07
7.546893721371774375e+07 2.896526719296369236e+06
2.436109386768296063e+08 9.696767035852855444e+07
2.669250421387112886e+07 4.475631928924927488e+06
7.977192151815152168e+07 1.086089597220417671e+07
1.803271635045335069e+07 1.286517329277937673e+07
1.637298166131659448e+08 7.970716800871908665e+06
9.478365944828528166e+07 4.658446990423443727e+06
2.054929901308867335e+08 3.190104362718796358e+07
2.675810974316452444e+08 5.413435989545056969e+07
1.240996748173413575e+08 9.571193508679373562e+07
1.199087311246229112e+08 4.811072148182187229e+07
4.094793251409880072e+07 4.065938178785599768e+06
1.841811333422449976e+07 1.340187480352479033e+07
3.127921113200231791e+08 6.875573072595761716e+07
3.682358837384485453e+07 2.036867080256660655e+07
2.049618977508926392e+07 9.505928787330362946e+06
2.196095391937790871e+09 3.987935760515337586e+08
6.947597151508336067e+08 4.240375044984743744e+07
9.394470389186672866e+06 5.887116431241966784e+06
1.765811161825427786e+07 1.059838865304450691e+07
3.288271251031616703e+07 1.116878754929061746e+06
2.646728696395917833e+08 4.513561013068358600e+07
2.506372624634899795e+08 2.826732092353288829e+07
5.057078682701396942e+07 2.101350783399798721e+07
2.092873185783315003e+08 1.419361425931551727e+06
7.190749419493352175e+08 6.916668830555735528e+07
1.713355139052744955e+07 9.278723491076186299e+06
6.434269385615071654e+07 2.226938510904294997e+07
1.866150700783678517e+07 3.196934721937438007e+06
1.987606131962551773e+08 1.978205512830035388e+08
6.739945711063034832e+06 3.668669718285171315e+06
5.176333062572807074e+07 4.006665997125291079e+07
1.747109325877505913e+07 1.022040424206365272e+07
9.587467088023580611e+07 1.050861416036207601e+07
1.075293085549039394e+07 9.184958705378290266e+06
4.639716753813490868e+08 6.102606454408037476e+06
5.176333062572807074e+07 4.006665997125291079e+07
1.330864963040549850e+10 1.258617938931026496e+06
2.314185344665898681e+08 6.367755035136661492e+06
2.646728696395917833e+08 4.513561013068358600e+07
2.669988838599939346e+08 1.284730927636139467e+07
2.776391918901973218e+07 1.610842949449063465e+07
2.334704822983854115e+08 1.269174465008236002e+06
3.206619347690272331e+07 1.519208213403551141e+06
3.843120784815331697e+08 2.171784425238593519e+08
1.661779536803046614e+07 2.856211979542268440e+06
2.233243457875348255e+07 1.476323213735575229e+07
1.368860788739756048e+08 9.280967143376697600e+07
7.649136104686152935e+07 6.208356319483341277e+07
8.234502149823006988e+07 2.786701359219506849e+06
6.856161220097045898e+08 4.895606718719756603e+07
1.538435461599060774e+09 3.677019512922512889e+08
2.262041729175565392e+07 1.369310939232959645e+06
3.206022933787604570e+08 1.146245039469913840e+08
8.425965212910197675e+07 8.219165792325850576e+06
1.726277440277200937e+07 9.464634224736167118e+06
9.656651100732976198e+08 6.988962715757610798e+08
2.436421794050645232e+08 9.405901655654461682e+07
1.252702081029808283e+09 9.225642653738804162e+06
1.117010818007509261e+08 2.908540199335808307e+07
3.253721845669966191e+07 2.713512853163629770e+07
2.080249091510192454e+08 8.440435350215384737e+06
3.282960327231675982e+08 1.594938578711271584e+08
6.458367347349030524e+07 3.690453026063541323e+07
1.226996641824851483e+08 4.832202240733825415e+07
2.795746970076626167e+06 2.628495471371519845e+06
7.435705129517386854e+07 6.886493127146978676e+07
1.495720865903275609e+08 2.192460107197723351e+06
1.006769388231881410e+08 2.374423148835287243e+07
1.811025015780008957e+07 1.115176135240257019e+06
1.823521307073988616e+08 1.725013610816787556e+07
3.638636018186572939e+07 3.172708957224335987e+06
5.713474783579712361e+07 1.134170498007106129e+06
7.210743485563719273e+07 3.948899050552666932e+07
2.506372624634899795e+08 2.826732092353288829e+07
8.792631960071392059e+08 2.034495624977007806e+08
6.413693105973052233e+07 1.798301519189774990e+07
2.268119470850364491e+07 1.697947779900508374e+07
5.197193348835144192e+07 1.381206556524967588e+07
3.719904512590488791e+07 1.875324114619940892e+07
1.132659582787015848e+07 1.162444777092836797e+06
4.500624511512886286e+08 8.851052121870746836e+06
3.674165246388319880e+06 2.009730247685302049e+06
2.665842341943300143e+07 8.760681215285647660e+06
2.067426192602847219e+08 4.517693309393981472e+06
1.498972741705913544e+08 6.067162428192386404e+06
5.925428924322826788e+06 4.862562548445790075e+06
2.392230363929207996e+07 2.180986239736887440e+07
5.231870557175938040e+07 1.251273527729610354e+07
8.477824821780215204e+07 1.818238783936079219e+07
3.788932321658710390e+07 5.433131848664090969e+06
4.349816996124176681e+07 3.585455778532079607e+07
2.027026250862651467e+08 1.703968720251244009e+08
1.917257692109852135e+08 1.087630333135641366e+07
1.331863246310966648e+07 7.990767668266340159e+06
3.703233323977838755e+08 4.357513575534787029e+07
4.955162907000383139e+08 3.919561166673846543e+06
7.280907321113212407e+07 1.561226992879557610e+07
1.287563893673808575e+08 2.210977338842439000e+06
7.140210441407813132e+07 2.036938081911739660e+06
2.850901055742326751e+07 9.586416263528404757e+06
1.213587269246550322e+09 7.455969001877055168e+08
4.843562505546534657e+08 2.160594564398075342e+08
3.439703580985025764e+08 6.630091950324139744e+07
1.026357324835194647e+08 1.000426100367085077e+07
7.927348989949392155e+06 4.808757494226597250e+06
1.286166581101845391e+07 1.052369491190094687e+07
1.413209842535469532e+08 3.740921002493999898e+07
3.115368020582188368e+08 7.401084722500656545e+07
9.120077392966708541e+07 1.138275813703798689e+06
9.413527233409991860e+07 1.313438316817854531e+07
1.522999701784792423e+09 4.941786195183417760e+06
1.834327758977077901e+08 7.341429131902919151e+06
2.697480679446694255e+08 6.204011018192479387e+06
9.118259750596674159e+06 1.119673380072988104e+06
2.506386824965916276e+08 8.098178972070501186e+06
4.572549188108349591e+07 8.356923203510959633e+06
4.239182217179409266e+08 2.468486141484516263e+08
1.957941640470365763e+09 5.688468000660737753e+08
2.735139957300824523e+08 1.395469368997323513e+07
9.256443171712261438e+08 1.149881744243082404e+08
7.838156710838613100e+06 7.269916264906916767e+06
1.022925104828654975e+07 6.564060411100270227e+06
3.323360268971871376e+09 6.902014088947341442e+08
7.701435923817661405e+07 6.522311437913564034e+06
5.626043345514901876e+08 5.624055299172677994e+08
1.119362392823740005e+09 1.641927474042838253e+07
1.401362506368916035e+08 9.959146552033381164e+07
3.450297027922876924e+07 1.243778593019425683e+07
2.198651451520649791e+08 2.068633220739197358e+07
8.027035313680913299e+06 7.937644229935908690e+06
9.042571986282002181e+06 1.692225046501106350e+06
2.590253979945738986e+07 7.636938020343506709e+06
2.576806266473694891e+07 1.961363920245194435e+07
2.326085222057211399e+09 5.992724293007111549e+08
6.045719928358398378e+07 2.501714916061689705e+07
5.223080552277104929e+06 2.648446936448839959e+06
4.244209134359032512e+08 5.908942340013383329e+07
5.179996747974905968e+08 2.641644977892230451e+08
1.429788728996516578e+07 3.412907556358048692e+06
1.132351435603971034e+08 1.409847204150907882e+07
3.738464345228251219e+08 1.363978714936494455e+07
2.659920803909676075e+09 1.798613926472124644e+06
1.689967193869580626e+08 3.797722326557544060e+06
2.256219593459051847e+08 1.770099661792225763e+07
5.587887056075216532e+08 6.122728323457548022e+07
3.311900601842051148e+08 3.836191023279579356e+06
3.507453360261818022e+07 1.403004064634352550e+07
1.649098641205860376e+08 2.175845719909137115e+07
1.486902460342410088e+09 7.873174727123785764e+06
6.189242673935958743e+07 4.189083449355363101e+07
5.902324985759980977e+06 3.731733388326720800e+06
5.586197216684325933e+08 5.142238067803664207e+08
1.336701299088079035e+08 5.848860739485170692e+06
6.045719928358398378e+07 2.501714916061689705e+07
2.310351255291609764e+08 1.125222869433996081e+08
2.648276532476649154e+06 1.202121921984323999e+06
1.957941640470365763e+09 5.688468000660737753e+08
1.817031755799729005e+07 1.462222285036800662e+06
4.692243778241253495e+08 1.523922723300825246e+07
7.157946654846655130e+08 3.796245492131891660e+06
1.240996748173413575e+08 9.571193508679373562e+07
1.402906082350342989e+09 2.849168615358388983e+06
1.822811290523194373e+08 1.104220579861500859e+08
4.613843750702546239e+08 2.655958911556243598e+08
4.855732189227148890e+08 1.268069679255200177e+07
9.296275100211822987e+07 9.270032888494463265e+07
8.595005953323306143e+07 3.012429821048031095e+06
2.003709307334566414e+08 6.922292161638025939e+07
5.919493185958186537e+07 1.124240206527697155e+06
2.186084158571590781e+08 1.335731416479693912e+07
1.397338132559014261e+08 4.524807675232940167e+07
8.169294229798059165e+07 2.573511789678009599e+07
2.284804859794030339e+07 9.024154156954398379e+06
1.980165158510227501e+07 2.642781004373501521e+06
3.386935150929993153e+09 1.521196259745775163e+07
2.012428310578320622e+08 1.647593406118176691e+07
1.424392603210480213e+08 1.854194022068302613e+06
3.488822525968974829e+07 4.490229869209257886e+06
6.543143323513869286e+09 3.083033866859016195e+07
2.202144732950557768e+08 5.926763755438320339e+07
4.133517554090201110e+07 4.957264555990733206e+06
1.452125849684505761e+08 8.248205469253337942e+06
8.354622749886386096e+07 5.682376058654922247e+07
2.781717043032930493e+08 1.328622730773141375e+06
5.599715931811448932e+07 3.788790318348551169e+06
1.541701537732714415e+07 9.422743248239301145e+06
3.285842994427899837e+09 2.581421374053857755e+06
2.003709307334566414e+08 6.922292161638025939e+07
1.772953928326418698e+08 1.535439191754708588e+08
2.985349789800735712e+08 4.603207702771647274e+07
2.897449740812401101e+07 9.639099491597343236e+06
1.163078111856145382e+09 1.089906646197487831e+09
6.189242673935958743e+07 4.189083449355363101e+07
3.178176084665451944e+07 1.228774523268040456e+07
4.553733749512299895e+07 3.112598956034090742e+07
5.764539173912838101e+07 2.525074460582822189e+07
1.659010472254948914e+08 1.266006371158592105e+08
1.728734097542949319e+08 6.882900443399958313e+06
1.061406581848604679e+08 6.139939124648801982e+06
2.473981669587664306e+08 7.658650326466795988e+06
2.112157235302888155e+09 3.742142230961366296e+08
6.691778188257148862e+07 6.316832648113694973e+06
3.078177353651582822e+07 6.008628663744904101e+06
3.602197968799809217e+08 1.624461066893298551e+07
2.412039825696369633e+07 1.302789488589041680e+07
1.820411434581509829e+08 1.180969108903060108e+07
2.837396540946219563e+08 9.359778980514863506e+06
1.079388461014021039e+08 6.576712906035423279e+06
4.509797925349149108e+07 4.329751928398730606e+07
8.889094808662305772e+07 8.540490882553319633e+07
3.016434314394510269e+09 1.479347884241959155e+08
1.252976147418414831e+09 5.273363924404357672e+08
2.211928761020503342e+08 1.423327578384288549e+08
8.376505459981867671e+07 7.077586981627756730e+06
1.284813289556031466e+09 9.260007454797247648e+08
2.143738771482218802e+08 6.846789001626560092e+07
8.144344248203146458e+08 2.451474144927484542e+07
2.362991882367498875e+08 3.983476856576348841e+07
8.027787931224754333e+09 2.937508874608216342e+06
8.788059453484276310e+06 2.526835301628792193e+06
1.252976147418414831e+09 5.273363924404357672e+08
1.630155399630668759e+08 1.463116905890801549e+08
1.583393709595356226e+09 5.514613348033244610e+08
2.757988289905384183e+08 1.844168588371086866e+07
1.019235858830727786e+08 6.895765943300351501e+07
2.724290904404687285e+08 1.692168245177042903e+06
2.158876324345153198e+07 6.823273253464252688e+06
5.555055890766488761e+07 5.338969453697750717e+07
5.555055890766488761e+07 5.338969453697750717e+07
