9.223372036720251904e+18 9.223372037238493184e+18
3.402508881721836544e+18 9.223372036739678208e+18
9.223372036820333568e+18 9.223372037717882880e+18
9.223372037107666944e+18 9.223372037118998528e+18
9.223372037499791360e+18 9.223372037876246528e+18
9.223372037587490816e+18 9.223372039885862912e+18
9.223372037242310656e+18 9.223372038404386816e+18
9.223372037220761600e+18 9.223372040866471936e+18
9.223372037597161472e+18 9.223372037602932736e+18
9.223372037514936320e+18 9.223372037703749632e+18
9.223372036901644288e+18 9.223372040700063744e+18
9.223372037023377408e+18 9.223372037857933312e+18
9.223372036398469120e+18 9.223372036941787136e+18
9.223372037021022208e+18 9.223372037218076672e+18
9.223372036916049920e+18 9.223372037245001728e+18
9.223372037948536832e+18 9.223372041520822272e+18
9.223372036691948544e+18 9.223372037300072448e+18
9.223372036773217280e+18 9.223372037117915136e+18
9.223372036903694336e+18 9.223372038529335296e+18
9.223372037442445312e+18 9.223372038007242752e+18
9.223372037444192256e+18 9.223372037516818432e+18
9.223372036982153216e+18 9.223372037774200832e+18
9.223372037162407936e+18 9.223372037813446656e+18
9.223372036639888384e+18 9.223372036911134720e+18
9.223372037200830464e+18 9.223372037763149824e+18
9.223372036556800000e+18 9.223372038007242752e+18
9.223372037291558912e+18 9.223372038624704512e+18
9.223372037816844288e+18 9.223372038007242752e+18
9.223372037102870528e+18 9.223372041360816128e+18
9.223372036728586240e+18 9.223372037275959296e+18
9.223372037329688576e+18 9.223372037373417472e+18
9.223372038504224768e+18 9.223372045371230208e+18
9.223372036956698624e+18 9.223372037469675520e+18
9.223372038039846912e+18 9.223372039993034752e+18
9.223372037527058432e+18 9.223372037894862848e+18
9.223372036753840128e+18 9.223372037952878592e+18
9.223372037046960128e+18 9.223372037836740608e+18
9.223372037168095232e+18 9.223372037728888832e+18
9.223372037428889600e+18 9.223372037648449536e+18
9.223372038230224896e+18 9.223372039209365504e+18
9.223372037455194112e+18 9.223372039033718784e+18
9.223372037523857408e+18 9.223372038908280832e+18
9.223372037401950208e+18 9.223372038397341696e+18
9.223372037841518592e+18 9.223372038202898432e+18
9.223372038148562944e+18 9.223372038715215872e+18
9.223372038707408896e+18 9.223372038800338944e+18
9.223372038284044288e+18 9.223372038966171648e+18
9.223372037555081216e+18 9.223372040358125568e+18
9.223372037834119168e+18 9.223372038099124224e+18
9.223372036670241792e+18 9.223372037640579072e+18
9.223372036893710336e+18 9.223372037670772736e+18
9.223372038213926912e+18 9.223372039365881856e+18
9.223372037288462336e+18 9.223372048003237888e+18
9.223372038131871744e+18 9.223372040937510912e+18
9.223372037054349312e+18 9.223372039497414656e+18
9.223372038503876608e+18 9.223372038511024128e+18
9.223372038208518144e+18 9.223372044246978560e+18
9.223372038136418304e+18 9.223372040577845248e+18
9.223372037408364544e+18 9.223372037585879040e+18
9.223372037697890304e+18 9.223372037715118080e+18
9.223372036667064320e+18 9.223372038013868032e+18
9.223372037285765120e+18 9.223372038431000576e+18
9.223372037043638272e+18 9.223372037243750400e+18
9.223372038535370752e+18 9.223372038760669184e+18
9.223372039336417280e+18 9.223372039826200576e+18
9.223372037243932672e+18 9.223372037538375680e+18
9.223372036749735936e+18 9.223372037416169472e+18
9.223372037457117184e+18 9.223372038947866624e+18
9.223372036916031488e+18 9.223372037696536576e+18
9.223372040211904512e+18 9.223372040333785088e+18
9.223372038389200896e+18 9.223372038520993792e+18
9.223372036412187648e+18 9.223372038558726144e+18
9.223372037142491136e+18 9.223372038746998784e+18
9.223372037270538240e+18 9.223372037840138240e+18
9.223372037799053312e+18 9.223372039144998912e+18
9.223372037247363072e+18 9.223372038041212928e+18
9.223372038554261504e+18 9.223372038633312256e+18
9.223372037635780608e+18 9.223372037734565888e+18
9.223372037883561984e+18 9.223372038224400384e+18
9.223372038397593600e+18 9.223372039197818880e+18
9.223372037859287040e+18 9.223372038410129408e+18
9.223372037941254144e+18 9.223372039588173824e+18
9.223372038397593600e+18 9.223372039197818880e+18
9.223372037687037952e+18 9.223372038014052352e+18
9.223372037388062720e+18 9.223372037612845056e+18
5.912147228769586176e+18 9.223372037625448448e+18
9.223372036773228544e+18 9.223372037308086272e+18
9.223372038009856000e+18 9.223372038971365376e+18
9.223372038561286144e+18 9.223372039840940032e+18
9.223372038705711104e+18 9.223372039634450432e+18
9.223372037247363072e+18 9.223372038041212928e+18
9.223372038642249728e+18 9.223372046029668352e+18
9.223372037735196672e+18 9.223372051475404800e+18
9.223372037603774464e+18 9.223372038470205440e+18
9.223372037671135232e+18 9.223372039711365120e+18
9.223372040211904512e+18 9.223372040333785088e+18
9.223372037810386944e+18 9.223372038852378624e+18
9.223372038113810432e+18 9.223372039270092800e+18
9.223372039722315776e+18 9.223372039963869184e+18
9.223372037218631680e+18 9.223372037722494976e+18
9.223372038616502272e+18 9.223372040116627456e+18
9.223372037952747520e+18 9.223372038774491136e+18
9.223372037786951680e+18 9.223372039438092288e+18
9.223372038004047872e+18 9.223372038599237632e+18
9.223372037454620672e+18 9.223372038470535168e+18
9.223372036471305216e+18 9.223372038795550720e+18
9.223372038231486464e+18 9.223372038321698816e+18
9.223372038888437760e+18 9.223372039898085376e+18
9.223372038059378688e+18 9.223372039056187392e+18
9.223372038062325760e+18 9.223372042969872384e+18
9.223372038517258240e+18 9.223372040378427392e+18
9.223372036543408128e+18 9.223372037037332480e+18
9.223372038083094528e+18 9.223372039460579328e+18
9.223372039336382464e+18 9.223372039737163776e+18
9.223372038818150400e+18 9.223372039065032704e+18
9.223372037059643392e+18 9.223372038171996160e+18
9.223372039612704768e+18 9.223372041706536960e+18
9.223372037876484096e+18 9.223372038739582976e+18
9.223372036990793728e+18 9.223372041555269632e+18
9.223372037461614592e+18 9.223372040538785792e+18
9.223372040033423360e+18 9.223372041048846336e+18
9.223372037881167872e+18 9.223372040468416512e+18
9.223372037655351296e+18 9.223372037755283456e+18
9.223372038063673344e+18 9.223372039821869056e+18
9.223372037863872512e+18 9.223372045989287936e+18
9.223372038528929792e+18 9.223372038747508736e+18
9.223372038062995456e+18 9.223372039039488000e+18
9.223372038562146304e+18 9.223372039239663616e+18
9.223372037571710976e+18 9.223372039376809984e+18
9.223372037655263232e+18 9.223372041555269632e+18
9.223372038369081344e+18 9.223372039194806272e+18
9.223372038657263616e+18 9.223372040548380672e+18
9.223372037702512640e+18 9.223372039641929728e+18
9.223372037694849024e+18 9.223372038334126080e+18
9.223372037719629824e+18 9.223372039639312384e+18
9.223372036698987520e+18 9.223372038166558720e+18
9.223372038578481152e+18 9.223372041549277184e+18
9.223372037731407872e+18 9.223372038136823808e+18
9.223372039055894528e+18 9.223372043193278464e+18
9.223372037717559296e+18 9.223372039928649728e+18
9.223372037355659264e+18 9.223372039995176960e+18
9.223372038009604096e+18 9.223372048331472896e+18
9.223372039297208320e+18 9.223372039896074240e+18
9.223372037688324096e+18 9.223372037707048960e+18
9.223372037458683904e+18 9.223372037562165248e+18
9.223372038166181888e+18 9.223372041086486528e+18
9.223372037782994944e+18 9.223372038660947968e+18
9.223372037798686720e+18 9.223372042581710848e+18
9.223372037417125888e+18 9.223372039304169472e+18
9.223372037756690432e+18 9.223372039108593664e+18
9.223372039101308928e+18 9.223372039639312384e+18
9.223372038119235584e+18 9.223372039928649728e+18
9.223372038122078208e+18 9.223372040542248960e+18
9.223372039580702720e+18 9.223372041304219648e+18
9.223372037597829120e+18 9.223372041926223872e+18
9.223372037743564800e+18 9.223372045569306624e+18
9.223372039877212160e+18 9.223372040432844800e+18
9.223372038107144192e+18 9.223372040631734272e+18
9.223372036788296704e+18 9.223372037923432448e+18
9.223372038841772032e+18 9.223372042194946048e+18
9.223372037697890304e+18 9.223372037715118080e+18
9.223372040327583744e+18 9.223372053876330496e+18
9.223372037720907776e+18 9.223372044464592896e+18
9.223372040175409152e+18 9.223372040949368832e+18
9.223372038607724544e+18 9.223372039593134080e+18
9.223372038114938880e+18 9.223372039501756416e+18
9.223372037989672960e+18 9.223372049878331392e+18
9.223372038627821568e+18 9.223372039541680128e+18
9.223372037640237056e+18 9.223372039198287872e+18
9.223372036907589632e+18 9.223372039507269632e+18
9.223372037568122880e+18 9.223372038253002752e+18
9.223372038144935936e+18 9.223372038763395072e+18
9.223372038008893440e+18 9.223372039042713600e+18
9.223372037553614848e+18 9.223372039305916416e+18
9.223372036963641344e+18 9.223372038125426688e+18
9.223372037544210432e+18 9.223372038460635136e+18
9.223372037804421120e+18 9.223372042264219648e+18
9.223372038461818880e+18 9.223372041674141696e+18
9.223372040812640256e+18 9.223372040934934528e+18
9.223372039341940736e+18 9.223372040012750848e+18
9.223372037611694080e+18 9.223372038843842560e+18
9.223372038452527104e+18 9.223372038839846912e+18
2.789666456715360256e+18 9.223372038598387712e+18
9.223372038632538112e+18 9.223372049619701760e+18
9.223372039477248000e+18 9.223372040869726208e+18
9.223372038183964672e+18 9.223372040386553856e+18
9.223372038150707200e+18 9.223372043035385856e+18
9.223372039408744448e+18 9.223372042264219648e+18
9.223372039587022848e+18 9.223372039879725056e+18
1.963117310063436288e+18 9.223372038660218880e+18
9.223372037412839424e+18 9.223372038374023168e+18
9.223372037682264064e+18 9.223372039557152768e+18
9.223372040916867072e+18 9.223372042383382528e+18
9.223372041245601792e+18 9.223372041399494656e+18
9.223372037368680448e+18 9.223372040833480704e+18
9.223372040413757440e+18 9.223372044751681536e+18
9.223372038168168448e+18 9.223372044444217344e+18
9.223372039155120128e+18 9.223372039405942784e+18
9.223372039009085440e+18 9.223372039492165632e+18
9.223372038923638784e+18 9.223372039759927296e+18
9.223372037384228864e+18 9.223372038736275456e+18
9.223372039271510016e+18 9.223372040877830144e+18
9.223372037817716736e+18 9.223372040134936576e+18
9.223372038676500480e+18 9.223372042768900096e+18
9.223372038795206656e+18 9.223372041409892352e+18
9.223372039315214336e+18 9.223372043346397184e+18
9.223372036938813440e+18 9.223372039858925568e+18
9.223372038820460544e+18 9.223372041299576832e+18
9.223372039306960896e+18 9.223372039610832896e+18
9.223372038189518848e+18 9.223372045667850240e+18
9.223372040940132352e+18 9.223372041809453056e+18
9.223372037474306048e+18 9.223372039015634944e+18
9.223372039497414656e+18 9.223372042217842688e+18
9.223372036969578496e+18 9.223372039587323904e+18
9.223372038354122752e+18 9.223372039928297472e+18
9.223372040538785792e+18 9.223372041422886912e+18
9.223372038982400000e+18 9.223372040728332288e+18
9.223372036943740928e+18 9.223372039120078848e+18
9.223372037484167168e+18 9.223372038850084864e+18
9.223372038179526656e+18 9.223372052412997632e+18
9.223372036965584896e+18 9.223372043238735872e+18
9.223372037655842816e+18 9.223372038953302016e+18
9.223372036575125504e+18 9.223372037478696960e+18
9.223372038288019456e+18 9.223372039540719616e+18
9.223372039073761280e+18 9.223372041984036864e+18
9.223372037587302400e+18 9.223372040393951232e+18
9.223372037724043264e+18 9.223372039812196352e+18
9.223372038750015488e+18 9.223372040162117632e+18
9.223372038591627264e+18 9.223372063668822016e+18
9.223372039361216512e+18 9.223372040546205696e+18
9.223372038654277632e+18 9.223372039628795904e+18
9.223372038224400384e+18 9.223372042664749056e+18
9.223372039721846784e+18 9.223372041211039744e+18
9.223372042445651968e+18 9.223372043479564288e+18
9.223372041063006208e+18 9.223372065113944064e+18
9.223372043144538112e+18 9.223372045201983488e+18
9.223372040212641792e+18 9.223372045414989824e+18
9.223372040419790848e+18 9.223372042265092096e+18
9.223372038868201472e+18 9.223372040399921152e+18
9.223372039075317760e+18 9.223372039817779200e+18
9.223372038159327232e+18 9.223372040323215360e+18
9.223372039893690368e+18 9.223372040595238912e+18
9.223372038502707200e+18 9.223372040334211072e+18
9.223372039984314368e+18 9.223372046504656896e+18
9.223372038998990848e+18 9.223372039517960192e+18
9.223372039928297472e+18 9.223372041180444672e+18
9.223372038334126080e+18 9.223372042155814912e+18
9.223372038604564480e+18 9.223372040939808768e+18
9.223372038749325312e+18 9.223372040051630080e+18
9.223372039389820928e+18 9.223372042065707008e+18
9.223372040833480704e+18 9.223372041474357248e+18
6.754434861271344000e+16 9.223372046007013376e+18
9.223372037759893504e+18 9.223372042446632960e+18
9.223372039767826432e+18 9.223372041388627968e+18
9.223372037722660864e+18 9.223372038523998208e+18
9.223372038849384448e+18 9.223372050084610048e+18
9.223372037959419904e+18 9.223372040070629376e+18
9.223372041718310912e+18 9.223372047958181888e+18
9.223372037668999168e+18 9.223372038352787456e+18
9.223372039634450432e+18 9.223372041299965952e+18
9.223372037582790656e+18 9.223372042574751744e+18
9.223372037118998528e+18 9.223372040741472256e+18
9.223372040419790848e+18 9.223372042265092096e+18
9.223372037680844800e+18 9.223372043306657792e+18
9.223372039934887936e+18 9.223372039950858240e+18
9.223372040286615552e+18 9.223372041092249600e+18
9.223372040883025920e+18 9.223372050917455872e+18
9.223372038702645248e+18 9.223372040494929920e+18
9.223372038613409792e+18 9.223372060234278912e+18
9.223372039490019328e+18 9.223372040346089472e+18
9.223372038797494272e+18 9.223372040974073856e+18
9.223372037921626112e+18 9.223372038485350400e+18
9.223372037163593728e+18 9.223372039282589696e+18
9.223372041900042240e+18 9.223372053630967808e+18
9.223372037701455872e+18 9.223372040111962112e+18
9.223372039173232640e+18 9.223372041087655936e+18
3.449499631526051328e+18 9.223372043712368640e+18
9.223372038957070336e+18 9.223372041730818048e+18
9.223372038098063360e+18 9.223372039557271552e+18
9.223372039153000448e+18 9.223372040790876160e+18
9.223372039588941824e+18 9.223372042230505472e+18
9.223372037395181568e+18 9.223372040605173760e+18
8.896197598828526592e+18 9.223372039723081728e+18
9.223372039638953984e+18 9.223372042554355712e+18
9.223372036841275392e+18 9.223372042116927488e+18
9.223372038788734976e+18 9.223372042159394816e+18
9.223372036755354624e+18 9.223372039011749888e+18
9.223372039703631872e+18 9.223372040051630080e+18
9.223372040376723456e+18 9.223372046504656896e+18
9.223372038878300160e+18 9.223372039968976896e+18
9.223372038616358912e+18 9.223372045544501248e+18
9.223372039876458496e+18 9.223372040038383616e+18
9.223372041587630080e+18 9.223372043464165376e+18
9.223372042674300928e+18 9.223372048739764224e+18
9.223372040053583872e+18 9.223372042592165888e+18
3.842060089978811200e+16 9.223372038916689920e+18
9.223372043321755648e+18 9.223372043797127168e+18
9.223372038050715648e+18 9.223372043109369856e+18
9.223372039638204416e+18 9.223372040446785536e+18
9.223372039103236096e+18 9.223372040182777856e+18
9.223372038511984640e+18 9.223372038544977920e+18
9.223372037800046592e+18 9.223372041333864448e+18
9.223372042198595584e+18 9.223372042674130944e+18
9.223372038564390912e+18 9.223372042372556800e+18
9.223372037827680256e+18 9.223372038677833728e+18
9.223372039462758400e+18 9.223372040795596800e+18
9.223372043342346240e+18 9.223372043376734208e+18
9.223372042387116032e+18 9.223372042912061440e+18
9.223372040652171264e+18 9.223372047344689152e+18
9.223372038936993792e+18 9.223372040542248960e+18
9.223372037673758720e+18 9.223372043878387712e+18
9.223372039035414528e+18 9.223372039868643328e+18
9.223372037327063040e+18 9.223372042747045888e+18
4.037577206366455296e+18 9.223372037974970368e+18
9.223372040039233536e+18 9.223372052971524096e+18
9.223372042050979840e+18 9.223372044212037632e+18
9.223372037513627648e+18 9.223372041533816832e+18
9.223372044704243712e+18 9.223372054616250368e+18
9.223372036879638528e+18 9.223372050148933632e+18
9.223372039146917888e+18 9.223372039722231808e+18
9.223372039873155072e+18 9.223372040162707456e+18
9.223372039595354112e+18 9.223372042221434880e+18
9.223372040687689728e+18 9.223372041677365248e+18
9.223372037972680704e+18 9.223372047515148288e+18
9.223372040757958656e+18 9.223372044031770624e+18
9.223372040214939648e+18 9.223372042239035392e+18
9.223372036755422208e+18 9.223372041807747072e+18
9.223372037364510720e+18 9.223372040547559424e+18
9.223372039703631872e+18 9.223372040051630080e+18
9.223372039271659520e+18 9.223372046468780032e+18
9.223372041571323904e+18 9.223372050761435136e+18
9.223372039571075072e+18 9.223372040977850368e+18
9.223372038506915840e+18 9.223372039232210944e+18
9.223372041179424768e+18 9.223372041203283968e+18
9.223372041079916544e+18 9.223372046487238656e+18
9.223372038395465728e+18 9.223372039357714432e+18
9.223372038428235776e+18 9.223372039496632320e+18
9.223372038506915840e+18 9.223372039232210944e+18
9.223372040132640768e+18 9.223372052611037184e+18
9.223372039081908224e+18 9.223372045346187264e+18
9.223372040687689728e+18 9.223372041677365248e+18
9.223372042069893120e+18 9.223372044604981248e+18
9.223372040085911552e+18 9.223372046714771456e+18
9.223372041242959872e+18 9.223372042136145920e+18
9.223372038493540352e+18 9.223372045636089856e+18
9.223372043346397184e+18 9.223372051300751360e+18
9.223372038717992960e+18 9.223372040051687424e+18
9.223372039900368896e+18 9.223372040605706240e+18
9.223372039305709568e+18 9.223372044173805568e+18
9.223372039797460992e+18 9.223372044858093568e+18
9.223372038493706240e+18 9.223372040189138944e+18
9.223372042990102528e+18 9.223372053625092096e+18
9.223372038202730496e+18 9.223372049542449152e+18
9.223372041773103104e+18 9.223372042258311168e+18
9.223372038692794368e+18 9.223372044298137600e+18
9.223372039871750144e+18 9.223372042726334464e+18
9.223372037757024256e+18 9.223372043081889792e+18
9.223372047447369728e+18 9.223372048269946880e+18
9.223372036839229440e+18 9.223372045584715776e+18
9.223372037801678848e+18 9.223372038462179328e+18
9.223372039515115520e+18 9.223372041171892224e+18
9.223372039150841856e+18 9.223372041299576832e+18
9.223372039475771392e+18 9.223372042967951360e+18
9.223372040498413568e+18 9.223372049896906752e+18
9.223372036792226816e+18 9.223372039438092288e+18
9.223372041273989120e+18 9.223372045782867968e+18
9.223372044018921472e+18 9.223372045813411840e+18
9.223372037266962432e+18 9.223372044045963264e+18
9.223372042198867968e+18 9.223372044476303360e+18
9.223372039668850688e+18 9.223372040581355520e+18
9.223372046318299136e+18 9.223372047173959680e+18
9.223372037081735168e+18 9.223372042188830720e+18
9.223372039542274048e+18 9.223372041349308416e+18
9.223372041595850752e+18 9.223372044711847936e+18
9.223372041567617024e+18 9.223372045073534976e+18
9.223372037972680704e+18 9.223372047515148288e+18
9.223372039868643328e+18 9.223372042626979840e+18
9.223372037475844096e+18 9.223372039146467328e+18
9.223372041142908928e+18 9.223372041414412288e+18
9.223372040939808768e+18 9.223372047112847360e+18
9.223372041745844224e+18 9.223372055654717440e+18
9.223372038949689344e+18 9.223372039944097792e+18
9.223372036944644096e+18 9.223372047851036672e+18
9.223372043271389184e+18 9.223372043481497600e+18
9.223372040857708544e+18 9.223372042095806464e+18
9.223372039112077312e+18 9.223372045855928320e+18
9.223372037550577664e+18 9.223372043487639552e+18
9.223372041362874368e+18 9.223372044496955392e+18
9.223372038144202752e+18 9.223372039116058624e+18
9.223372038210762752e+18 9.223372038650529792e+18
9.223372036496089088e+18 9.223372039411865600e+18
9.223372041170941952e+18 9.223372045362628608e+18
9.223372041685063680e+18 9.223372045453991936e+18
9.223372041171892224e+18 9.223372043840081920e+18
9.223372037465167872e+18 9.223372038113292288e+18
9.223372040610439168e+18 9.223372041693857792e+18
9.223372038407378944e+18 9.223372056724553728e+18
9.223372038222505984e+18 9.223372048037117952e+18
9.223372040517535744e+18 9.223372042311483392e+18
9.223372041590534144e+18 9.223372046875074560e+18
9.223372043461498880e+18 9.223372053722056704e+18
9.223372038788995072e+18 9.223372050295027712e+18
9.223372039345887232e+18 9.223372042626979840e+18
9.223372042674130944e+18 9.223372044056168448e+18
9.223372041755514880e+18 9.223372043047974912e+18
9.223372039790338048e+18 9.223372045715521536e+18
9.223372037849878528e+18 9.223372049574367232e+18
9.223372044907061248e+18 9.223372065904695296e+18
9.223372038722856960e+18 9.223372045715521536e+18
9.223372039218452480e+18 9.223372052794281984e+18
9.223372038670178304e+18 9.223372040792096768e+18
9.223372037563500544e+18 9.223372047807471616e+18
9.223372042168537088e+18 9.223372054007676928e+18
9.223372036924628992e+18 9.223372048172267520e+18
9.223372037776384000e+18 9.223372045421860864e+18
9.223372049288777728e+18 9.223372049622425600e+18
9.223372037346838528e+18 9.223372042235971584e+18
9.223372037380161536e+18 9.223372043095083008e+18
9.223372040882407424e+18 9.223372052857677824e+18
9.223372048718385152e+18 9.223372052844017664e+18
9.223372041765347328e+18 9.223372052975579136e+18
9.223372038101786624e+18 9.223372041877663744e+18
9.223372040706836480e+18 9.223372041167923200e+18
9.223372041011435520e+18 9.223372045349971968e+18
9.223372051300751360e+18 9.223372056985993216e+18
9.223372040966297600e+18 9.223372042194802688e+18
9.223372044635185152e+18 9.223372064880271360e+18
9.223372037558441984e+18 9.223372053876330496e+18
9.223372038538182656e+18 9.223372047774332928e+18
9.223372040976472064e+18 9.223372049212243968e+18
9.223372046543437824e+18 9.223372046971637760e+18
9.223372038779203584e+18 9.223372044625870848e+18
9.223372046357334016e+18 9.223372047277017088e+18
9.223372043824246784e+18 9.223372045260060672e+18
9.223372042445651968e+18 9.223372043479564288e+18
9.223372051008884736e+18 9.223372067750649856e+18
9.223372047173959680e+18 9.223372051040755712e+18
9.223372040288333824e+18 9.223372040582576128e+18
9.223372052290039808e+18 9.223372055459139584e+18
9.223372038820460544e+18 9.223372041299576832e+18
9.223372041976283136e+18 9.223372047929899008e+18
9.223372042040205312e+18 9.223372046401947648e+18
9.223372037374248960e+18 9.223372058564417536e+18
9.223372041405663232e+18 9.223372060314900480e+18
9.223372036846763008e+18 9.223372051324805120e+18
9.223372040241950720e+18 9.223372041924818944e+18
9.223372048571357184e+18 9.223372066079483904e+18
9.223372038159742976e+18 9.223372039093618688e+18
9.223372041245601792e+18 9.223372041399494656e+18
9.223372043961083904e+18 9.223372046354012160e+18
9.223372041525383168e+18 9.223372045932498944e+18
9.223372039245959168e+18 9.223372040312334336e+18
9.223372039067021312e+18 9.223372047189485568e+18
9.223372047824494592e+18 9.223372055429404672e+18
9.223372038751887360e+18 9.223372053835259904e+18
9.223372047173959680e+18 9.223372051040755712e+18
9.223372036682344448e+18 9.223372052083044352e+18
9.223372046172715008e+18 9.223372046849773568e+18
9.223372048718385152e+18 9.223372052844017664e+18
9.223372040483575808e+18 9.223372041325549568e+18
9.223372038114125824e+18 9.223372043782744064e+18
9.223372037782409216e+18 9.223372055210110976e+18
9.223372037673758720e+18 9.223372043878387712e+18
9.223372039623995392e+18 9.223372059434283008e+18
9.223372040162707456e+18 9.223372044843104256e+18
9.223372057415788544e+18 9.223372062004762624e+18
9.223372039134541824e+18 9.223372041372471296e+18
9.223372038843842560e+18 9.223372053612507136e+18
9.223372040519311360e+18 9.223372046185496576e+18
9.223372042790070272e+18 9.223372043247005696e+18
9.223372043084472320e+18 9.223372044711847936e+18
9.223372041823358976e+18 9.223372055363799040e+18
9.223372043926994944e+18 9.223372045745156096e+18
9.223372038106501120e+18 9.223372044560668672e+18
9.223372038294626304e+18 9.223372045921503232e+18
9.223372044764452864e+18 9.223372047646765056e+18
9.223372041387194368e+18 9.223372049081286656e+18
9.223372041289605120e+18 9.223372056983717888e+18
9.223372053541910528e+18 9.223372060694589440e+18
9.223372040066099200e+18 9.223372044761067520e+18
9.223372045819435008e+18 9.223372065017014272e+18
9.223372044782028800e+18 9.223372046676097024e+18
9.223372053206325248e+18 9.223372057327951872e+18
9.223372037135751168e+18 9.223372054954674176e+18
9.223372040994099200e+18 9.223372045720272896e+18
9.223372042790572032e+18 9.223372060210550784e+18
9.223372040366968832e+18 9.223372041587275776e+18
9.223372040367173632e+18 9.223372042879066112e+18
9.223372041675124736e+18 9.223372061352753152e+18
9.223372042790070272e+18 9.223372043247005696e+18
9.223372042474252288e+18 9.223372051731380224e+18
9.223372036810299392e+18 9.223372049068828672e+18
9.223372039385812992e+18 9.223372040804491264e+18
9.223372041665818624e+18 9.223372053625092096e+18
9.223372039245959168e+18 9.223372040312334336e+18
9.223372039869356032e+18 9.223372054790137856e+18
9.223372037633748992e+18 9.223372043061190656e+18
9.223372038868201472e+18 9.223372040399921152e+18
9.223372042155814912e+18 9.223372054392778752e+18
9.223372042588911616e+18 9.223372055342571520e+18
9.223372043894812672e+18 9.223372044047726592e+18
9.223372041364498432e+18 9.223372044173805568e+18
9.223372043892920320e+18 9.223372068310427648e+18
9.223372044475398144e+18 9.223372047079825408e+18
9.223372039209992192e+18 9.223372047239442432e+18
9.223372047955724288e+18 9.223372052965085184e+18
9.223372039374800896e+18 9.223372049768628224e+18
9.223372038292803584e+18 9.223372038383079424e+18
9.223372047189223424e+18 9.223372049736390656e+18
9.223372045077153792e+18 9.223372045923774464e+18
9.223372040433833984e+18 9.223372040844750848e+18
9.223372043780147200e+18 9.223372044482166784e+18
9.223372038136823808e+18 9.223372060359905280e+18
9.223372041372471296e+18 9.223372054689255424e+18
9.223372048181137408e+18 9.223372065156460544e+18
9.223372039557636096e+18 9.223372041284069376e+18
9.223372051601330176e+18 9.223372059934466048e+18
9.223372045451139072e+18 9.223372061244469248e+18
9.223372047174891520e+18 9.223372054572947456e+18
9.223372037453015040e+18 9.223372042136145920e+18
9.223372043051489280e+18 9.223372070061856768e+18
9.223372044205649920e+18 9.223372051088594944e+18
9.223372041372471296e+18 9.223372054689255424e+18
9.223372047969994752e+18 9.223372052883566592e+18
9.223372056161892352e+18 9.223372061675108352e+18
9.223372043225305088e+18 9.223372051947264000e+18
9.223372047044964352e+18 9.223372049381402624e+18
9.223372045467469824e+18 9.223372055732072448e+18
9.223372048715448320e+18 9.223372050382395392e+18
9.223372055084457984e+18 9.223372060383035392e+18
9.223372055084457984e+18 9.223372060383035392e+18
