9.223372037090809856e+18 9.223372037238493184e+18
9.223372036508590080e+18 9.223372036739678208e+18
9.223372036649464832e+18 9.223372036820333568e+18
9.223372036640332800e+18 9.223372037107666944e+18
9.223372036798253056e+18 9.223372037876246528e+18
9.223372036749056000e+18 9.223372037587490816e+18
9.223372037034737664e+18 9.223372037242310656e+18
9.223372037153101824e+18 9.223372037220761600e+18
9.223372037174267904e+18 9.223372037602932736e+18
9.223372036625457152e+18 9.223372037514936320e+18
9.223372036760224768e+18 9.223372036901644288e+18
9.223372036773911552e+18 9.223372037023377408e+18
9.223372036709049344e+18 9.223372036941787136e+18
9.223372036733078528e+18 9.223372037021022208e+18
9.223372036969611264e+18 9.223372037245001728e+18
9.223372036940146688e+18 9.223372037948536832e+18
9.223372036691948544e+18 9.223372036691948544e+18
9.223372036698341376e+18 9.223372036773217280e+18
9.223372036613355520e+18 9.223372036903694336e+18
9.223372036783515648e+18 9.223372037442445312e+18
9.223372036910491648e+18 9.223372037444192256e+18
9.223372036719477760e+18 9.223372036982153216e+18
9.223372037181859840e+18 9.223372037813446656e+18
9.223372036444230656e+18 9.223372036639888384e+18
9.223372036496643072e+18 9.223372037200830464e+18
9.223372037541183488e+18 9.223372038007242752e+18
9.223372036571095040e+18 9.223372038624704512e+18
9.223372037336745984e+18 9.223372038007242752e+18
9.223372036711006208e+18 9.223372037102870528e+18
9.223372036663979008e+18 9.223372036728586240e+18
9.223372036742214656e+18 9.223372037329688576e+18
9.223372037214500864e+18 9.223372038504224768e+18
9.223372036876341248e+18 9.223372037469675520e+18
9.223372037846302720e+18 9.223372038039846912e+18
9.223372036977127424e+18 9.223372037894862848e+18
9.223372036779326464e+18 9.223372037952878592e+18
9.223372036858038272e+18 9.223372037046960128e+18
9.223372036754558976e+18 9.223372037168095232e+18
9.223372037364586496e+18 9.223372037428889600e+18
9.223372036518556672e+18 9.223372038230224896e+18
8.770630226209327360e+17 9.223372037455194112e+18
9.223372037432270848e+18 9.223372037523857408e+18
9.223372037367836672e+18 9.223372038397341696e+18
9.223372037738201088e+18 9.223372037841518592e+18
9.223372037448361984e+18 9.223372038148562944e+18
9.223372038522177536e+18 9.223372038707408896e+18
9.223372037482311680e+18 9.223372038284044288e+18
9.223372036837458944e+18 9.223372037555081216e+18
9.223372036792268800e+18 9.223372038099124224e+18
9.223372036522166272e+18 9.223372036670241792e+18
9.223372036764819456e+18 9.223372036893710336e+18
9.223372037643939840e+18 9.223372038213926912e+18
6.059671812518352896e+18 9.223372037288462336e+18
9.223372037070968832e+18 9.223372038131871744e+18
9.223372036765070336e+18 9.223372037054349312e+18
9.223372036808160256e+18 9.223372038503876608e+18
9.223372037665677312e+18 9.223372038208518144e+18
9.223372037071747072e+18 9.223372038136418304e+18
9.223372037193392128e+18 9.223372037585879040e+18
9.223372036675016704e+18 9.223372037697890304e+18
9.223372037542985728e+18 9.223372038013868032e+18
9.223372037628536832e+18 9.223372038431000576e+18
9.223372036730989568e+18 9.223372037243750400e+18
9.223372037044776960e+18 9.223372038760669184e+18
9.223372037706745856e+18 9.223372039826200576e+18
9.223372037253212160e+18 9.223372037538375680e+18
6.737089914232367104e+18 9.223372036749735936e+18
9.223372036457314304e+18 9.223372037457117184e+18
9.223372037070667776e+18 9.223372037696536576e+18
9.223372038190379008e+18 9.223372040333785088e+18
9.223372037349871616e+18 9.223372038520993792e+18
9.223372037031006208e+18 9.223372038558726144e+18
6.502117976467729408e+18 9.223372037142491136e+18
9.223372036555414528e+18 9.223372037840138240e+18
9.223372037528975360e+18 9.223372037799053312e+18
9.223372037647839232e+18 9.223372038041212928e+18
9.223372036962033664e+18 9.223372038554261504e+18
9.223372037528881152e+18 9.223372037635780608e+18
9.223372036626414592e+18 9.223372037883561984e+18
9.223372037098926080e+18 9.223372039197818880e+18
9.223372037210908672e+18 9.223372037859287040e+18
9.223372037648920576e+18 9.223372037941254144e+18
9.223372038002601984e+18 9.223372038397593600e+18
9.223372037120440320e+18 9.223372037687037952e+18
9.223372036837578752e+18 9.223372037612845056e+18
5.910383048745291776e+18 9.223372037625448448e+18
9.223372036753796096e+18 9.223372037308086272e+18
9.223372036605736960e+18 9.223372038971365376e+18
9.223372037986131968e+18 9.223372038561286144e+18
9.223372038321534976e+18 9.223372039634450432e+18
9.223372036525335552e+18 9.223372037247363072e+18
9.223372037943597056e+18 9.223372038642249728e+18
9.223372037431691264e+18 9.223372037735196672e+18
9.223372037091919872e+18 9.223372038470205440e+18
9.223372037249548288e+18 9.223372037671135232e+18
7.887165493127122944e+18 9.223372040211904512e+18
9.223372037599027200e+18 9.223372037810386944e+18
9.223372038181828608e+18 9.223372039270092800e+18
9.223372036944162816e+18 9.223372039963869184e+18
9.223372036588766208e+18 9.223372037218631680e+18
9.223372036774941696e+18 9.223372040116627456e+18
9.223372037363290112e+18 9.223372038774491136e+18
9.223372036960997376e+18 9.223372037786951680e+18
9.223372036707787776e+18 9.223372038004047872e+18
1.653852824322818816e+18 9.223372037454620672e+18
9.223372036831090688e+18 9.223372038795550720e+18
9.223372037632530432e+18 9.223372038321698816e+18
9.223372038847881216e+18 9.223372039898085376e+18
9.223372037879887872e+18 9.223372038059378688e+18
9.223372036844843008e+18 9.223372038062325760e+18
9.223372037066610688e+18 9.223372038517258240e+18
8.462675048948672512e+18 9.223372036543408128e+18
9.223372037410267136e+18 9.223372038083094528e+18
5.347666635813106688e+18 9.223372039336382464e+18
9.223372037719930880e+18 9.223372038818150400e+18
9.223372036314335232e+18 9.223372037059643392e+18
9.223372037343586304e+18 9.223372041706536960e+18
9.223372037711843328e+18 9.223372038739582976e+18
9.223372038584469504e+18 9.223372041555269632e+18
9.223372037262866432e+18 9.223372037461614592e+18
9.223372038521112576e+18 9.223372040033423360e+18
2.858918382415533120e+17 9.223372037881167872e+18
9.223372037441656832e+18 9.223372037655351296e+18
9.223372037823862784e+18 9.223372038063673344e+18
9.223372036507160576e+18 9.223372037863872512e+18
9.223372038427551744e+18 9.223372038747508736e+18
9.223372038065739776e+18 9.223372039039488000e+18
9.223372037371219968e+18 9.223372039239663616e+18
9.223372037145382912e+18 9.223372037571710976e+18
9.223372036990793728e+18 9.223372041555269632e+18
9.223372036849654784e+18 9.223372038369081344e+18
9.223372037241053184e+18 9.223372040548380672e+18
9.223372037320574976e+18 9.223372037702512640e+18
9.223372036962166784e+18 9.223372037694849024e+18
9.223372037113260032e+18 9.223372039639312384e+18
9.223372037250340864e+18 9.223372038166558720e+18
9.223372038147379200e+18 9.223372038578481152e+18
9.223372037283246080e+18 9.223372038136823808e+18
9.223372038512455680e+18 9.223372039055894528e+18
9.223372036755205120e+18 9.223372039928649728e+18
9.223372036629361664e+18 9.223372039995176960e+18
8.985968101382141952e+18 9.223372038009604096e+18
9.223372038167949312e+18 9.223372039297208320e+18
9.223372037657346048e+18 9.223372037707048960e+18
9.223372036945295360e+18 9.223372037458683904e+18
9.223372037574797312e+18 9.223372038166181888e+18
9.223372038599241728e+18 9.223372038660947968e+18
9.223372037017964544e+18 9.223372037798686720e+18
9.223372037922768896e+18 9.223372039304169472e+18
9.223372037366554624e+18 9.223372037756690432e+18
9.223372036710305792e+18 9.223372039101308928e+18
9.223372037717559296e+18 9.223372039928649728e+18
9.223372036798534656e+18 9.223372038122078208e+18
9.223372038077298688e+18 9.223372039580702720e+18
9.223372037549549568e+18 9.223372041926223872e+18
9.223372037464473600e+18 9.223372037743564800e+18
9.223372037359302656e+18 9.223372039877212160e+18
9.223372037452427264e+18 9.223372038107144192e+18
9.223372036433289216e+18 9.223372036788296704e+18
9.223372037641289728e+18 9.223372038841772032e+18
9.223372037184573440e+18 9.223372037715118080e+18
9.223372038977712128e+18 9.223372040327583744e+18
9.223372037263177728e+18 9.223372037720907776e+18
9.223372037019826176e+18 9.223372040175409152e+18
9.223372037234608128e+18 9.223372038607724544e+18
9.223372038339493888e+18 9.223372039501756416e+18
9.223372037711181824e+18 9.223372037989672960e+18
9.223372037366571008e+18 9.223372038627821568e+18
9.223372037847355392e+18 9.223372039198287872e+18
9.223372038430134272e+18 9.223372039507269632e+18
9.223372037523800064e+18 9.223372038253002752e+18
9.223372038277675008e+18 9.223372038763395072e+18
5.832584167100798976e+18 9.223372038008893440e+18
9.223372039159349248e+18 9.223372039305916416e+18
9.223372037877196800e+18 9.223372038125426688e+18
2.173694047732093696e+18 9.223372038460635136e+18
9.223372037325303808e+18 9.223372037804421120e+18
9.223372037797847040e+18 9.223372041674141696e+18
9.223372039828854784e+18 9.223372040934934528e+18
9.223372039427545088e+18 9.223372040012750848e+18
9.223372037400653824e+18 9.223372037611694080e+18
9.223372037549330432e+18 9.223372038452527104e+18
9.223372037318629376e+18 9.223372038598387712e+18
9.223372038196942848e+18 9.223372038632538112e+18
9.223372038210297856e+18 9.223372039477248000e+18
9.117705527866828800e+18 9.223372038183964672e+18
9.223372037341085696e+18 9.223372043035385856e+18
9.223372037858166784e+18 9.223372039408744448e+18
9.223372039403528192e+18 9.223372039587022848e+18
9.223372037571067904e+18 9.223372038660218880e+18
9.223372037228109824e+18 9.223372037412839424e+18
9.223372037209690112e+18 9.223372037682264064e+18
9.223372038539157504e+18 9.223372040916867072e+18
9.223372041156001792e+18 9.223372041245601792e+18
9.223372038925414400e+18 9.223372040833480704e+18
9.223372039540910080e+18 9.223372040413757440e+18
9.223372038561437696e+18 9.223372044444217344e+18
9.223372036885000192e+18 9.223372039155120128e+18
9.223372038857388032e+18 9.223372039492165632e+18
9.223372037072035840e+18 9.223372038923638784e+18
9.223372038400286720e+18 9.223372038736275456e+18
9.223372038412326912e+18 9.223372039271510016e+18
9.223372037768599552e+18 9.223372037817716736e+18
9.223372039567333376e+18 9.223372042768900096e+18
9.223372038108971008e+18 9.223372038795206656e+18
9.223372036768133120e+18 9.223372039315214336e+18
9.223372037932683264e+18 9.223372039858925568e+18
9.223372037370769408e+18 9.223372038820460544e+18
9.223372039005980672e+18 9.223372039306960896e+18
9.223372037390647296e+18 9.223372038189518848e+18
9.223372039910868992e+18 9.223372040940132352e+18
9.223372037274005504e+18 9.223372037474306048e+18
9.223372037054349312e+18 9.223372039497414656e+18
9.223372038536312832e+18 9.223372039587323904e+18
9.223372037457915904e+18 9.223372039928297472e+18
9.223372037461614592e+18 9.223372040538785792e+18
9.223372037505542144e+18 9.223372040728332288e+18
9.223372036759165952e+18 9.223372036943740928e+18
9.223372038824464384e+18 9.223372038850084864e+18
9.223372037587861504e+18 9.223372038179526656e+18
9.223372037168773120e+18 9.223372043238735872e+18
9.223372037553565696e+18 9.223372037655842816e+18
9.223372036632539136e+18 9.223372037478696960e+18
9.223372037307232256e+18 9.223372039540719616e+18
9.223372037590636544e+18 9.223372039073761280e+18
9.223372037440352256e+18 9.223372040393951232e+18
9.223372037641658368e+18 9.223372039812196352e+18
9.223372038717771776e+18 9.223372040162117632e+18
9.223372037408790528e+18 9.223372038591627264e+18
9.223372039808858112e+18 9.223372040546205696e+18
9.223372036605725696e+18 9.223372038654277632e+18
9.223372037883561984e+18 9.223372038224400384e+18
9.223372038567804928e+18 9.223372039721846784e+18
9.223372036965076992e+18 9.223372042445651968e+18
9.223372039394584576e+18 9.223372041063006208e+18
9.223372044532234240e+18 9.223372045201983488e+18
9.223372039591901184e+18 9.223372040212641792e+18
9.223372039587401728e+18 9.223372042265092096e+18
9.223372038390249472e+18 9.223372038868201472e+18
9.223372037844088832e+18 9.223372039817779200e+18
5.265089169442355200e+18 9.223372040323215360e+18
9.223372039314880512e+18 9.223372040595238912e+18
9.223372038318839808e+18 9.223372040334211072e+18
9.223372037454018560e+18 9.223372046504656896e+18
9.223372036819604480e+18 9.223372039517960192e+18
9.223372038354122752e+18 9.223372039928297472e+18
9.223372037694849024e+18 9.223372038334126080e+18
9.223372037739436032e+18 9.223372040939808768e+18
9.223372037430779904e+18 9.223372040051630080e+18
9.223372039029438464e+18 9.223372039389820928e+18
9.223372039142264832e+18 9.223372041474357248e+18
9.223372036808039424e+18 9.223372046007013376e+18
9.223372037330780160e+18 9.223372037759893504e+18
9.223372038851147776e+18 9.223372041388627968e+18
9.223372037715138560e+18 9.223372037722660864e+18
1.586845862360835840e+18 9.223372038849384448e+18
9.223372036609766400e+18 9.223372037959419904e+18
9.223372039717206016e+18 9.223372041718310912e+18
9.223372037675696128e+18 9.223372038352787456e+18
9.223372038705711104e+18 9.223372039634450432e+18
9.223372036605161472e+18 9.223372037582790656e+18
9.223372036567030784e+18 9.223372037118998528e+18
9.223372039041114112e+18 9.223372040419790848e+18
9.223372041948962816e+18 9.223372043306657792e+18
9.223372038000230400e+18 9.223372039934887936e+18
9.223372039836200960e+18 9.223372041092249600e+18
9.223372040270632960e+18 9.223372040883025920e+18
9.223372038262806528e+18 9.223372040494929920e+18
9.223372037158232064e+18 9.223372038613409792e+18
9.223372038156343296e+18 9.223372039490019328e+18
9.223372039106623488e+18 9.223372040974073856e+18
9.223372037628901376e+18 9.223372037921626112e+18
9.223372037552543744e+18 9.223372039282589696e+18
9.223372039159037952e+18 9.223372041900042240e+18
9.223372038934007808e+18 9.223372040111962112e+18
9.223372037220212736e+18 9.223372041087655936e+18
3.449311502700381184e+18 3.449499631526051328e+18
9.223372038711216128e+18 9.223372041730818048e+18
9.223372038242246656e+18 9.223372039557271552e+18
4.503985316883078144e+18 9.223372040790876160e+18
9.223372038145470464e+18 9.223372042230505472e+18
4.539384549630384000e+17 9.223372040605173760e+18
9.223372037856325632e+18 9.223372039723081728e+18
9.223372039587172352e+18 9.223372039638953984e+18
9.223372041395535872e+18 9.223372042116927488e+18
9.223372037501024256e+18 9.223372038788734976e+18
9.223372038430527488e+18 9.223372039011749888e+18
9.223372038749325312e+18 9.223372040051630080e+18
9.223372039984314368e+18 9.223372046504656896e+18
9.223372038150805504e+18 9.223372038878300160e+18
9.223372038797651968e+18 9.223372045544501248e+18
9.223372038469984256e+18 9.223372039876458496e+18
9.223372038403026944e+18 9.223372041587630080e+18
9.223372039888080896e+18 9.223372042674300928e+18
9.223372038802546688e+18 9.223372040053583872e+18
9.223372038144342016e+18 9.223372038916689920e+18
9.223372036572313600e+18 9.223372043321755648e+18
3.169324426999054848e+18 9.223372038050715648e+18
9.223372037626900480e+18 9.223372039638204416e+18
9.223372039672840192e+18 9.223372040182777856e+18
9.223372037519968256e+18 9.223372038544977920e+18
9.223372038388207616e+18 9.223372041333864448e+18
9.223372037721235456e+18 9.223372042198595584e+18
9.223372037646788608e+18 9.223372042372556800e+18
9.223372038380685312e+18 9.223372038677833728e+18
9.223372037160869888e+18 9.223372039462758400e+18
9.223372041067585536e+18 9.223372043342346240e+18
9.223372037181411328e+18 9.223372042387116032e+18
9.223372038360324096e+18 9.223372040652171264e+18
9.223372037986453504e+18 9.223372038936993792e+18
1.002541901398447360e+18 9.223372037673758720e+18
9.223372036771159040e+18 9.223372039868643328e+18
9.223372041797095424e+18 9.223372042747045888e+18
9.223372037419976704e+18 9.223372037974970368e+18
9.223372037956005888e+18 9.223372040039233536e+18
9.223372040536295424e+18 9.223372042050979840e+18
1.843766597028623040e+17 9.223372041533816832e+18
9.223372038686380032e+18 9.223372044704243712e+18
9.223372043448186880e+18 9.223372050148933632e+18
9.223372039171979264e+18 9.223372039722231808e+18
9.223372039544834048e+18 9.223372039873155072e+18
9.223372038044082176e+18 9.223372039595354112e+18
9.223372040485730304e+18 9.223372040687689728e+18
7.929752769635044352e+18 9.223372037972680704e+18
9.223372038196641792e+18 9.223372040757958656e+18
9.223372040649463808e+18 9.223372042239035392e+18
9.223372038849079296e+18 9.223372041807747072e+18
9.223372038146766848e+18 9.223372040547559424e+18
9.223372038005039104e+18 9.223372039703631872e+18
9.223372038131445760e+18 9.223372039271659520e+18
9.223372038355529728e+18 9.223372041571323904e+18
9.223372040346314752e+18 9.223372040977850368e+18
9.223372038713679872e+18 9.223372039232210944e+18
1.248856744215363840e+18 9.223372041203283968e+18
9.223372041823064064e+18 9.223372046487238656e+18
9.223372037848576000e+18 9.223372038395465728e+18
1.586136238591861760e+18 9.223372039496632320e+18
9.223372038340349952e+18 9.223372038506915840e+18
9.223372042186835968e+18 9.223372052611037184e+18
9.223372037243750400e+18 9.223372039081908224e+18
4.592711826027235328e+18 9.223372041677365248e+18
9.223372037616181248e+18 9.223372042069893120e+18
9.223372040108822528e+18 9.223372046714771456e+18
9.223372038570295296e+18 9.223372041242959872e+18
9.223372037743589376e+18 9.223372038493540352e+18
9.223372039315214336e+18 9.223372043346397184e+18
9.223372037353426944e+18 9.223372038717992960e+18
9.223372039281012736e+18 9.223372040605706240e+18
9.223372038906953728e+18 9.223372039305709568e+18
9.223372039670814720e+18 9.223372039797460992e+18
9.223372037974962176e+18 9.223372038493706240e+18
9.223372038451261440e+18 9.223372042990102528e+18
9.223372038933551104e+18 9.223372049542449152e+18
9.223372041447356416e+18 9.223372042258311168e+18
9.223372042760802304e+18 9.223372044298137600e+18
9.223372036745786368e+18 9.223372039871750144e+18
9.223372038109603840e+18 9.223372043081889792e+18
9.223372038069624832e+18 9.223372047447369728e+18
9.223372044606785536e+18 9.223372045584715776e+18
9.223372036408487936e+18 9.223372038462179328e+18
9.223372037625448448e+18 9.223372041171892224e+18
9.223372037469327360e+18 9.223372041299576832e+18
9.223372039367391232e+18 9.223372042967951360e+18
9.223372037783617536e+18 9.223372040498413568e+18
9.223372039022997504e+18 9.223372039438092288e+18
9.223372037761853440e+18 9.223372041273989120e+18
9.223372040896550912e+18 9.223372044018921472e+18
9.223372036908519424e+18 9.223372037266962432e+18
9.223372043233257472e+18 9.223372044476303360e+18
9.223372038143096832e+18 9.223372039668850688e+18
9.223372044807737344e+18 9.223372047173959680e+18
9.223372038362935296e+18 9.223372042188830720e+18
9.223372037346938880e+18 9.223372041349308416e+18
9.223372036901558272e+18 9.223372044711847936e+18
9.223372040588826624e+18 9.223372041567617024e+18
9.223372043269627904e+18 9.223372047515148288e+18
9.223372039035414528e+18 9.223372039868643328e+18
9.223372037982234624e+18 9.223372039146467328e+18
9.223372038603751424e+18 9.223372041142908928e+18
9.223372036684592128e+18 9.223372040939808768e+18
1.525863268536423424e+18 9.223372041745844224e+18
9.223372039088365568e+18 9.223372039944097792e+18
9.223372044458489856e+18 9.223372047851036672e+18
9.223372040697522176e+18 9.223372043481497600e+18
9.223372040661579776e+18 9.223372042095806464e+18
9.223372039166793728e+18 9.223372045855928320e+18
9.223372038839846912e+18 9.223372043487639552e+18
9.223372038544640000e+18 9.223372044496955392e+18
9.223372039007717376e+18 9.223372039116058624e+18
9.223372037650591744e+18 9.223372038650529792e+18
9.223372037250433024e+18 9.223372039411865600e+18
2.172804782884498880e+17 9.223372041170941952e+18
9.223372039552464896e+18 9.223372045453991936e+18
9.223372039515115520e+18 9.223372041171892224e+18
9.223372037917820928e+18 9.223372038113292288e+18
9.223372037644429312e+18 9.223372041693857792e+18
9.223372038071427072e+18 9.223372038407378944e+18
9.223372037581785088e+18 9.223372048037117952e+18
9.223372039679641600e+18 9.223372042311483392e+18
9.223372040760385536e+18 9.223372041590534144e+18
9.223372039219140608e+18 9.223372053722056704e+18
9.223372037578598400e+18 9.223372038788995072e+18
9.223372039868643328e+18 9.223372042626979840e+18
9.223372042198595584e+18 9.223372042674130944e+18
9.223372039867820032e+18 9.223372043047974912e+18
9.223372042893737984e+18 9.223372045715521536e+18
9.223372039018758144e+18 9.223372049574367232e+18
9.223372039535065088e+18 9.223372044907061248e+18
9.223372039790338048e+18 9.223372045715521536e+18
9.223372048204066816e+18 9.223372052794281984e+18
9.223372038564937728e+18 9.223372038670178304e+18
9.223372044854747136e+18 9.223372047807471616e+18
9.223372047079528448e+18 9.223372054007676928e+18
9.223372037275959296e+18 9.223372048172267520e+18
9.223372040940128256e+18 9.223372045421860864e+18
9.223372044325523456e+18 9.223372049288777728e+18
9.223372041306720256e+18 9.223372042235971584e+18
9.223372040638136320e+18 9.223372043095083008e+18
9.223372039491946496e+18 9.223372040882407424e+18
9.223372039995176960e+18 9.223372052844017664e+18
9.223372044432846848e+18 9.223372052975579136e+18
9.223372037111535616e+18 9.223372041877663744e+18
9.223372039023761408e+18 9.223372041167923200e+18
9.223372041170925568e+18 9.223372045349971968e+18
9.223372043346397184e+18 9.223372051300751360e+18
9.223372038028072960e+18 9.223372040966297600e+18
9.223372041701562368e+18 9.223372044635185152e+18
9.223372040327583744e+18 9.223372053876330496e+18
9.223372038495205376e+18 9.223372038538182656e+18
9.223372046336894976e+18 9.223372049212243968e+18
9.223372039464597504e+18 9.223372046971637760e+18
9.223372043859382272e+18 9.223372044625870848e+18
9.223372039478710272e+18 9.223372046357334016e+18
9.223372040570720256e+18 9.223372045260060672e+18
9.223372040491788288e+18 9.223372043479564288e+18
9.223372037246259200e+18 9.223372051008884736e+18
9.223372046318299136e+18 9.223372047173959680e+18
9.223372039378776064e+18 9.223372040582576128e+18
9.223372041317472256e+18 9.223372055459139584e+18
9.223372039150841856e+18 9.223372041299576832e+18
9.223372037510313984e+18 9.223372041976283136e+18
9.223372038445551616e+18 9.223372046401947648e+18
9.223372040347768832e+18 9.223372058564417536e+18
9.223372037415385088e+18 9.223372060314900480e+18
9.223372045115361280e+18 9.223372051324805120e+18
9.223372039513610240e+18 9.223372040241950720e+18
9.223372044625870848e+18 9.223372048571357184e+18
9.223372038144964608e+18 9.223372039093618688e+18
9.223372037530992640e+18 9.223372041399494656e+18
9.223372036831833088e+18 9.223372046354012160e+18
9.223372038167762944e+18 9.223372045932498944e+18
9.223372037639462912e+18 9.223372040312334336e+18
9.223372040960768000e+18 9.223372047189485568e+18
9.223372039930853376e+18 9.223372055429404672e+18
9.223372036900945920e+18 9.223372053835259904e+18
9.223372046707503104e+18 9.223372051040755712e+18
9.223372037801525248e+18 9.223372052083044352e+18
9.223372039337994240e+18 9.223372046172715008e+18
9.223372047864692736e+18 9.223372048718385152e+18
9.223372036948981760e+18 9.223372040483575808e+18
9.223372043144269824e+18 9.223372043782744064e+18
9.223372043464165376e+18 9.223372055210110976e+18
9.223372036624025600e+18 9.223372043878387712e+18
9.223372051818002432e+18 9.223372059434283008e+18
9.223372039929004032e+18 9.223372044843104256e+18
9.223372041125859328e+18 9.223372057415788544e+18
9.223372038118721536e+18 9.223372041372471296e+18
9.223372037611694080e+18 9.223372038843842560e+18
9.223372039789361152e+18 9.223372040519311360e+18
9.223372037882476544e+18 9.223372043247005696e+18
9.223372041595850752e+18 9.223372044711847936e+18
9.223372040985245696e+18 9.223372055363799040e+18
9.223372037471498240e+18 9.223372043926994944e+18
9.223372042377291776e+18 9.223372044560668672e+18
9.223372043364640768e+18 9.223372045921503232e+18
9.223372042211176448e+18 9.223372047646765056e+18
9.223372043202045952e+18 9.223372049081286656e+18
9.223372037860753408e+18 9.223372056983717888e+18
9.223372041965527040e+18 9.223372053541910528e+18
9.223372044007450624e+18 9.223372044761067520e+18
9.223372062529888256e+18 9.223372065017014272e+18
9.223372046284468224e+18 9.223372046676097024e+18
9.223372041125629952e+18 9.223372057327951872e+18
9.223372041686331392e+18 9.223372054954674176e+18
9.223372043416559616e+18 9.223372045720272896e+18
9.223372040782211072e+18 9.223372060210550784e+18
9.223372039401631744e+18 9.223372041587275776e+18
9.223372038667692032e+18 9.223372042879066112e+18
9.223372043509139456e+18 9.223372061352753152e+18
9.223372040605173760e+18 9.223372042790070272e+18
9.223372038457243648e+18 9.223372042474252288e+18
9.223372042533726208e+18 9.223372049068828672e+18
9.223372039294554112e+18 9.223372040804491264e+18
9.223372040728113152e+18 9.223372053625092096e+18
9.223372038708758528e+18 9.223372039245959168e+18
9.223372041265786880e+18 9.223372054790137856e+18
9.223372037043980288e+18 9.223372037633748992e+18
9.223372039024551936e+18 9.223372040399921152e+18
9.223372038334126080e+18 9.223372042155814912e+18
9.223372047259910144e+18 9.223372055342571520e+18
9.223372042828984320e+18 9.223372043894812672e+18
9.223372039305709568e+18 9.223372044173805568e+18
9.223372039518167040e+18 9.223372043892920320e+18
9.223372040951314432e+18 9.223372044475398144e+18
9.223372041959092224e+18 9.223372047239442432e+18
9.223372045304604672e+18 9.223372052965085184e+18
9.223372043268988928e+18 9.223372049768628224e+18
9.223372037597171712e+18 9.223372038383079424e+18
9.223372043236794368e+18 9.223372047189223424e+18
9.223372041726517248e+18 9.223372045923774464e+18
9.223372038918395904e+18 9.223372040433833984e+18
9.223372041739296768e+18 9.223372044482166784e+18
9.223372043349612544e+18 9.223372060359905280e+18
9.223372039134541824e+18 9.223372041372471296e+18
9.223372043009171456e+18 9.223372048181137408e+18
9.223372039523516416e+18 9.223372041284069376e+18
9.223372047341692928e+18 9.223372051601330176e+18
9.223372042827177984e+18 9.223372045451139072e+18
9.223372044529442816e+18 9.223372054572947456e+18
9.223372041242959872e+18 9.223372042136145920e+18
9.223372042274826240e+18 9.223372070061856768e+18
9.223372038506057728e+18 9.223372051088594944e+18
9.223372050521456640e+18 9.223372054689255424e+18
9.223372036732046336e+18 9.223372047969994752e+18
9.223372060938305536e+18 9.223372061675108352e+18
9.223372042731390976e+18 9.223372051947264000e+18
9.223372045113780224e+18 9.223372049381402624e+18
9.223372049114720256e+18 9.223372055732072448e+18
9.223372039881730048e+18 9.223372050382395392e+18
9.223372039071111168e+18 9.223372060383035392e+18
9.223372050744117248e+18 9.223372055084457984e+18
