1.000000000000000000e+11 3.160000000000000309e-02 3.160000000000000309e-02 2.119999999999999929e+01 9.599999999999999645e+00 0.000000000000000000e+00 3.270000000000000284e+01
1.000000000000000000e+11 3.160000000000000309e-02 1.000000000000000056e-01 3.329999999999999716e+01 6.400000000000000355e+00 0.000000000000000000e+00 1.150000000000000000e+01
1.000000000000000000e+11 3.160000000000000309e-02 3.161999999999999811e-01 1.989999999999999858e+01 4.500000000000000000e+00 0.000000000000000000e+00 7.700000000000000178e+00
1.000000000000000000e+11 3.160000000000000309e-02 1.000000000000000000e+00 3.210000000000000142e+01 1.300000000000000044e+00 5.799999999999999822e+00 7.700000000000000178e+00
1.000000000000000000e+11 1.000000000000000056e-01 3.160000000000000309e-02 7.700000000000000178e+00 7.700000000000000178e+00 0.000000000000000000e+00 1.540000000000000036e+01
1.000000000000000000e+11 1.000000000000000056e-01 1.000000000000000056e-01 2.180000000000000071e+01 1.350000000000000000e+01 1.899999999999999911e+00 2.310000000000000142e+01
1.000000000000000000e+11 1.000000000000000056e-01 3.161999999999999811e-01 3.650000000000000000e+01 8.300000000000000711e+00 3.200000000000000178e+00 1.030000000000000071e+01
1.000000000000000000e+11 1.000000000000000056e-01 1.000000000000000000e+00 1.860000000000000142e+01 4.500000000000000000e+00 4.500000000000000000e+00 7.099999999999999645e+00
1.000000000000000000e+11 3.161999999999999811e-01 3.160000000000000309e-02 4.500000000000000000e+00 1.300000000000000044e+00 0.000000000000000000e+00 1.090000000000000036e+01
1.000000000000000000e+11 3.161999999999999811e-01 1.000000000000000056e-01 1.669999999999999929e+01 3.799999999999999822e+00 1.300000000000000044e+00 1.219999999999999929e+01
1.000000000000000000e+11 3.161999999999999811e-01 3.161999999999999811e-01 3.720000000000000284e+01 1.469999999999999929e+01 1.899999999999999911e+00 1.540000000000000036e+01
1.000000000000000000e+11 3.161999999999999811e-01 1.000000000000000000e+00 1.919999999999999929e+01 7.700000000000000178e+00 7.099999999999999645e+00 7.099999999999999645e+00
1.000000000000000000e+11 1.000000000000000000e+00 3.160000000000000309e-02 5.999999999999999778e-01 1.300000000000000044e+00 5.999999999999999778e-01 5.099999999999999645e+00
1.000000000000000000e+11 1.000000000000000000e+00 1.000000000000000056e-01 9.599999999999999645e+00 1.300000000000000044e+00 0.000000000000000000e+00 1.219999999999999929e+01
1.000000000000000000e+11 1.000000000000000000e+00 3.161999999999999811e-01 3.270000000000000284e+01 1.669999999999999929e+01 1.090000000000000036e+01 9.599999999999999645e+00
1.000000000000000000e+11 1.000000000000000000e+00 1.000000000000000000e+00 2.560000000000000142e+01 1.860000000000000142e+01 1.540000000000000036e+01 1.469999999999999929e+01
1.000000000000000000e+10 3.160000000000000309e-02 3.160000000000000309e-02 9.000000000000000000e+00 5.099999999999999645e+00 0.000000000000000000e+00 2.050000000000000000e+01
1.000000000000000000e+10 3.160000000000000309e-02 1.000000000000000056e-01 2.369999999999999929e+01 3.200000000000000178e+00 0.000000000000000000e+00 1.350000000000000000e+01
1.000000000000000000e+10 3.160000000000000309e-02 3.161999999999999811e-01 9.000000000000000000e+00 1.300000000000000044e+00 5.999999999999999778e-01 3.799999999999999822e+00
1.000000000000000000e+10 3.160000000000000309e-02 1.000000000000000000e+00 2.500000000000000000e+01 0.000000000000000000e+00 1.899999999999999911e+00 0.000000000000000000e+00
1.000000000000000000e+10 1.000000000000000056e-01 3.160000000000000309e-02 4.500000000000000000e+00 1.899999999999999911e+00 0.000000000000000000e+00 1.669999999999999929e+01
1.000000000000000000e+10 1.000000000000000056e-01 1.000000000000000056e-01 1.600000000000000000e+01 5.799999999999999822e+00 5.999999999999999778e-01 1.730000000000000071e+01
1.000000000000000000e+10 1.000000000000000056e-01 3.161999999999999811e-01 2.439999999999999858e+01 3.200000000000000178e+00 1.300000000000000044e+00 1.150000000000000000e+01
1.000000000000000000e+10 1.000000000000000056e-01 1.000000000000000000e+00 2.560000000000000142e+01 0.000000000000000000e+00 7.099999999999999645e+00 1.300000000000000044e+00
1.000000000000000000e+10 3.161999999999999811e-01 3.160000000000000309e-02 2.600000000000000089e+00 5.999999999999999778e-01 0.000000000000000000e+00 7.099999999999999645e+00
1.000000000000000000e+10 3.161999999999999811e-01 1.000000000000000056e-01 1.280000000000000071e+01 2.600000000000000089e+00 5.999999999999999778e-01 1.409999999999999964e+01
1.000000000000000000e+10 3.161999999999999811e-01 3.161999999999999811e-01 2.630000000000000071e+01 1.409999999999999964e+01 3.799999999999999822e+00 1.600000000000000000e+01
1.000000000000000000e+10 3.161999999999999811e-01 1.000000000000000000e+00 1.730000000000000071e+01 1.899999999999999911e+00 4.500000000000000000e+00 5.799999999999999822e+00
1.000000000000000000e+10 1.000000000000000000e+00 3.160000000000000309e-02 1.300000000000000044e+00 0.000000000000000000e+00 0.000000000000000000e+00 5.099999999999999645e+00
1.000000000000000000e+10 1.000000000000000000e+00 1.000000000000000056e-01 5.799999999999999822e+00 0.000000000000000000e+00 5.999999999999999778e-01 8.300000000000000711e+00
1.000000000000000000e+10 1.000000000000000000e+00 3.161999999999999811e-01 2.689999999999999858e+01 1.219999999999999929e+01 1.409999999999999964e+01 1.600000000000000000e+01
1.000000000000000000e+10 1.000000000000000000e+00 1.000000000000000000e+00 1.350000000000000000e+01 1.409999999999999964e+01 1.540000000000000036e+01 2.180000000000000071e+01
1.000000000000000000e+09 3.160000000000000309e-02 3.160000000000000309e-02 9.599999999999999645e+00 8.300000000000000711e+00 0.000000000000000000e+00 5.099999999999999645e+00
1.000000000000000000e+09 3.160000000000000309e-02 1.000000000000000056e-01 1.409999999999999964e+01 2.600000000000000089e+00 0.000000000000000000e+00 8.300000000000000711e+00
1.000000000000000000e+09 3.160000000000000309e-02 3.161999999999999811e-01 2.819999999999999929e+01 5.999999999999999778e-01 5.999999999999999778e-01 1.899999999999999911e+00
1.000000000000000000e+09 3.160000000000000309e-02 1.000000000000000000e+00 1.469999999999999929e+01 1.300000000000000044e+00 2.600000000000000089e+00 3.200000000000000178e+00
1.000000000000000000e+09 1.000000000000000056e-01 3.160000000000000309e-02 4.500000000000000000e+00 3.200000000000000178e+00 0.000000000000000000e+00 5.799999999999999822e+00
1.000000000000000000e+09 1.000000000000000056e-01 1.000000000000000056e-01 9.599999999999999645e+00 6.400000000000000355e+00 0.000000000000000000e+00 1.280000000000000071e+01
1.000000000000000000e+09 1.000000000000000056e-01 3.161999999999999811e-01 2.239999999999999858e+01 6.400000000000000355e+00 1.300000000000000044e+00 5.099999999999999645e+00
1.000000000000000000e+09 1.000000000000000056e-01 1.000000000000000000e+00 2.180000000000000071e+01 0.000000000000000000e+00 1.899999999999999911e+00 2.600000000000000089e+00
1.000000000000000000e+09 3.161999999999999811e-01 3.160000000000000309e-02 1.300000000000000044e+00 1.300000000000000044e+00 0.000000000000000000e+00 3.200000000000000178e+00
1.000000000000000000e+09 3.161999999999999811e-01 1.000000000000000056e-01 1.030000000000000071e+01 1.300000000000000044e+00 5.999999999999999778e-01 7.099999999999999645e+00
1.000000000000000000e+09 3.161999999999999811e-01 3.161999999999999811e-01 2.560000000000000142e+01 9.000000000000000000e+00 1.899999999999999911e+00 1.150000000000000000e+01
1.000000000000000000e+09 3.161999999999999811e-01 1.000000000000000000e+00 2.310000000000000142e+01 3.200000000000000178e+00 8.300000000000000711e+00 5.099999999999999645e+00
1.000000000000000000e+09 1.000000000000000000e+00 3.160000000000000309e-02 0.000000000000000000e+00 5.999999999999999778e-01 0.000000000000000000e+00 3.200000000000000178e+00
1.000000000000000000e+09 1.000000000000000000e+00 1.000000000000000056e-01 5.799999999999999822e+00 0.000000000000000000e+00 0.000000000000000000e+00 5.099999999999999645e+00
1.000000000000000000e+09 1.000000000000000000e+00 3.161999999999999811e-01 2.500000000000000000e+01 9.599999999999999645e+00 1.090000000000000036e+01 1.150000000000000000e+01
1.000000000000000000e+09 1.000000000000000000e+00 1.000000000000000000e+00 1.919999999999999929e+01 1.030000000000000071e+01 1.150000000000000000e+01 9.000000000000000000e+00
1.000000000000000000e+08 3.160000000000000309e-02 3.160000000000000309e-02 5.099999999999999645e+00 4.500000000000000000e+00 0.000000000000000000e+00 6.400000000000000355e+00
1.000000000000000000e+08 3.160000000000000309e-02 1.000000000000000056e-01 2.310000000000000142e+01 1.899999999999999911e+00 0.000000000000000000e+00 1.899999999999999911e+00
1.000000000000000000e+08 3.160000000000000309e-02 3.161999999999999811e-01 2.369999999999999929e+01 3.200000000000000178e+00 5.999999999999999778e-01 7.700000000000000178e+00
1.000000000000000000e+08 3.160000000000000309e-02 1.000000000000000000e+00 2.369999999999999929e+01 5.799999999999999822e+00 0.000000000000000000e+00 1.899999999999999911e+00
1.000000000000000000e+08 1.000000000000000056e-01 3.160000000000000309e-02 3.200000000000000178e+00 5.999999999999999778e-01 0.000000000000000000e+00 3.200000000000000178e+00
1.000000000000000000e+08 1.000000000000000056e-01 1.000000000000000056e-01 9.599999999999999645e+00 2.600000000000000089e+00 0.000000000000000000e+00 6.400000000000000355e+00
1.000000000000000000e+08 1.000000000000000056e-01 3.161999999999999811e-01 3.210000000000000142e+01 1.300000000000000044e+00 5.999999999999999778e-01 5.099999999999999645e+00
1.000000000000000000e+08 1.000000000000000056e-01 1.000000000000000000e+00 2.239999999999999858e+01 1.899999999999999911e+00 5.999999999999999778e-01 3.200000000000000178e+00
1.000000000000000000e+08 3.161999999999999811e-01 3.160000000000000309e-02 0.000000000000000000e+00 5.999999999999999778e-01 0.000000000000000000e+00 5.999999999999999778e-01
1.000000000000000000e+08 3.161999999999999811e-01 1.000000000000000056e-01 1.030000000000000071e+01 0.000000000000000000e+00 1.300000000000000044e+00 5.799999999999999822e+00
1.000000000000000000e+08 3.161999999999999811e-01 3.161999999999999811e-01 2.310000000000000142e+01 6.400000000000000355e+00 5.999999999999999778e-01 4.500000000000000000e+00
1.000000000000000000e+08 3.161999999999999811e-01 1.000000000000000000e+00 2.310000000000000142e+01 0.000000000000000000e+00 7.099999999999999645e+00 5.999999999999999778e-01
1.000000000000000000e+08 1.000000000000000000e+00 3.160000000000000309e-02 1.300000000000000044e+00 0.000000000000000000e+00 0.000000000000000000e+00 5.999999999999999778e-01
1.000000000000000000e+08 1.000000000000000000e+00 1.000000000000000056e-01 6.400000000000000355e+00 1.300000000000000044e+00 5.999999999999999778e-01 2.600000000000000089e+00
1.000000000000000000e+08 1.000000000000000000e+00 3.161999999999999811e-01 2.439999999999999858e+01 3.799999999999999822e+00 5.099999999999999645e+00 9.000000000000000000e+00
1.000000000000000000e+08 1.000000000000000000e+00 1.000000000000000000e+00 1.469999999999999929e+01 6.400000000000000355e+00 6.400000000000000355e+00 1.150000000000000000e+01
1.000000000000000000e+07 3.160000000000000309e-02 3.160000000000000309e-02 4.500000000000000000e+00 5.999999999999999778e-01 0.000000000000000000e+00 1.300000000000000044e+00
1.000000000000000000e+07 3.160000000000000309e-02 1.000000000000000056e-01 1.150000000000000000e+01 0.000000000000000000e+00 0.000000000000000000e+00 0.000000000000000000e+00
1.000000000000000000e+07 3.160000000000000309e-02 3.161999999999999811e-01 2.560000000000000142e+01 0.000000000000000000e+00 0.000000000000000000e+00 2.600000000000000089e+00
1.000000000000000000e+07 3.160000000000000309e-02 1.000000000000000000e+00 3.970000000000000284e+01 0.000000000000000000e+00 1.899999999999999911e+00 5.999999999999999778e-01
1.000000000000000000e+07 1.000000000000000056e-01 3.160000000000000309e-02 1.300000000000000044e+00 5.999999999999999778e-01 0.000000000000000000e+00 1.899999999999999911e+00
1.000000000000000000e+07 1.000000000000000056e-01 1.000000000000000056e-01 9.000000000000000000e+00 1.300000000000000044e+00 0.000000000000000000e+00 6.400000000000000355e+00
1.000000000000000000e+07 1.000000000000000056e-01 3.161999999999999811e-01 3.850000000000000000e+01 0.000000000000000000e+00 0.000000000000000000e+00 2.600000000000000089e+00
1.000000000000000000e+07 1.000000000000000056e-01 1.000000000000000000e+00 4.360000000000000142e+01 0.000000000000000000e+00 5.999999999999999778e-01 5.999999999999999778e-01
1.000000000000000000e+07 3.161999999999999811e-01 3.160000000000000309e-02 5.999999999999999778e-01 5.999999999999999778e-01 0.000000000000000000e+00 1.300000000000000044e+00
1.000000000000000000e+07 3.161999999999999811e-01 1.000000000000000056e-01 3.200000000000000178e+00 5.999999999999999778e-01 0.000000000000000000e+00 0.000000000000000000e+00
1.000000000000000000e+07 3.161999999999999811e-01 3.161999999999999811e-01 1.989999999999999858e+01 1.300000000000000044e+00 0.000000000000000000e+00 1.899999999999999911e+00
1.000000000000000000e+07 3.161999999999999811e-01 1.000000000000000000e+00 2.630000000000000071e+01 1.300000000000000044e+00 2.600000000000000089e+00 1.899999999999999911e+00
1.000000000000000000e+07 1.000000000000000000e+00 3.160000000000000309e-02 5.999999999999999778e-01 0.000000000000000000e+00 0.000000000000000000e+00 5.999999999999999778e-01
1.000000000000000000e+07 1.000000000000000000e+00 1.000000000000000056e-01 1.899999999999999911e+00 5.999999999999999778e-01 5.999999999999999778e-01 1.300000000000000044e+00
1.000000000000000000e+07 1.000000000000000000e+00 3.161999999999999811e-01 1.789999999999999858e+01 6.400000000000000355e+00 4.500000000000000000e+00 5.099999999999999645e+00
1.000000000000000000e+07 1.000000000000000000e+00 1.000000000000000000e+00 1.469999999999999929e+01 8.300000000000000711e+00 5.799999999999999822e+00 1.899999999999999911e+00
1.000000000000000000e+06 3.160000000000000309e-02 3.160000000000000309e-02 1.899999999999999911e+00 1.899999999999999911e+00 0.000000000000000000e+00 2.600000000000000089e+00
1.000000000000000000e+06 3.160000000000000309e-02 1.000000000000000056e-01 1.919999999999999929e+01 1.300000000000000044e+00 0.000000000000000000e+00 0.000000000000000000e+00
1.000000000000000000e+06 3.160000000000000309e-02 3.161999999999999811e-01 3.460000000000000142e+01 0.000000000000000000e+00 0.000000000000000000e+00 1.300000000000000044e+00
1.000000000000000000e+06 3.160000000000000309e-02 1.000000000000000000e+00 2.310000000000000142e+01 0.000000000000000000e+00 1.300000000000000044e+00 3.799999999999999822e+00
1.000000000000000000e+06 1.000000000000000056e-01 3.160000000000000309e-02 5.999999999999999778e-01 0.000000000000000000e+00 0.000000000000000000e+00 1.300000000000000044e+00
1.000000000000000000e+06 1.000000000000000056e-01 1.000000000000000056e-01 8.300000000000000711e+00 5.999999999999999778e-01 5.999999999999999778e-01 3.200000000000000178e+00
1.000000000000000000e+06 1.000000000000000056e-01 3.161999999999999811e-01 3.529999999999999716e+01 5.999999999999999778e-01 0.000000000000000000e+00 1.300000000000000044e+00
1.000000000000000000e+06 1.000000000000000056e-01 1.000000000000000000e+00 4.039999999999999858e+01 0.000000000000000000e+00 0.000000000000000000e+00 0.000000000000000000e+00
1.000000000000000000e+06 3.161999999999999811e-01 3.160000000000000309e-02 1.899999999999999911e+00 0.000000000000000000e+00 0.000000000000000000e+00 0.000000000000000000e+00
1.000000000000000000e+06 3.161999999999999811e-01 1.000000000000000056e-01 2.600000000000000089e+00 5.999999999999999778e-01 0.000000000000000000e+00 3.799999999999999822e+00
1.000000000000000000e+06 3.161999999999999811e-01 3.161999999999999811e-01 2.819999999999999929e+01 5.999999999999999778e-01 5.999999999999999778e-01 3.200000000000000178e+00
1.000000000000000000e+06 3.161999999999999811e-01 1.000000000000000000e+00 3.080000000000000071e+01 5.999999999999999778e-01 3.799999999999999822e+00 0.000000000000000000e+00
1.000000000000000000e+06 1.000000000000000000e+00 3.160000000000000309e-02 0.000000000000000000e+00 0.000000000000000000e+00 0.000000000000000000e+00 5.999999999999999778e-01
1.000000000000000000e+06 1.000000000000000000e+00 1.000000000000000056e-01 5.799999999999999822e+00 0.000000000000000000e+00 0.000000000000000000e+00 1.300000000000000044e+00
1.000000000000000000e+06 1.000000000000000000e+00 3.161999999999999811e-01 1.919999999999999929e+01 3.799999999999999822e+00 5.099999999999999645e+00 2.600000000000000089e+00
1.000000000000000000e+06 1.000000000000000000e+00 1.000000000000000000e+00 1.669999999999999929e+01 4.500000000000000000e+00 1.899999999999999911e+00 1.300000000000000044e+00
