1.988184838474371195e+09
7.265511901867787361e+09
1.032616935849009323e+10
1.284130162394681152e+12
7.389759630419425964e+09
1.164649481744557381e+10
8.067525192230193138e+09
1.153320525937370300e+10
1.254396021024475250e+11
9.716882678102125168e+09
9.578265727377035141e+09
9.900901225899301529e+09
2.787924873355367184e+09
2.580618016837542534e+09
4.484471793834154129e+09
6.273048070245177269e+09
4.384820470111431885e+10
9.020967448709663391e+09
4.733901992923572540e+09
8.902825584101655960e+09
3.471363644242172241e+10
8.710416029835323334e+09
5.296718917267059326e+09
1.192476806645204735e+10
6.259280246965331078e+09
1.130952523230176086e+11
6.420151778054147720e+09
7.143114655416599274e+09
1.722026209452889252e+10
2.628631053925494003e+10
5.608272208662598610e+09
1.265891315470380783e+10
2.767483120264051056e+10
1.322336746259104538e+10
2.374228828576987076e+10
2.867350324537448883e+10
4.847277551582640648e+09
4.899923124093291283e+09
1.721950882246295166e+10
2.772700705070137501e+09
3.444136004470649719e+10
1.197245519833813667e+10
1.421763962084262695e+11
3.205025909653612137e+09
4.325578283118379593e+09
3.914146760351788044e+09
6.816324017052047729e+09
8.088521427361835480e+09
1.362003137094999886e+10
6.373174189014113426e+09
2.701699064577991009e+09
1.439778127883819389e+10
7.319802379606079102e+09
1.404986117039202118e+10
3.823287595819200134e+10
1.070698602441033936e+10
1.219735701865182877e+10
7.738616914794752121e+09
8.927272045927680969e+09
4.834175244801526070e+09
4.902332309445396423e+09
6.309460556162770996e+11
6.503202235145725250e+09
6.218208356958643913e+09
8.650069949103672028e+09
6.573687123985786438e+09
2.534704361232393265e+09
4.194043723537217712e+10
1.803162446895458221e+10
4.778361360476905823e+09
3.168976031296963215e+09
1.110025190480438423e+10
3.499971029182375908e+09
6.416966956811862183e+10
4.975005452719645500e+09
2.111817386304550552e+10
4.657148614354899406e+09
3.540834777913924217e+09
2.142269162471663208e+11
8.906756523679639816e+09
1.072122726406413078e+10
1.789593500193370438e+10
8.906756523679639816e+09
3.555698756527304173e+09
9.713134691411624908e+09
4.450408220205885315e+10
3.406713425027396011e+10
8.435486025632409096e+09
5.529886888300352097e+09
5.152445314305347443e+09
2.111817386304550552e+10
8.983166406077320862e+10
1.180032373210774231e+10
1.290873191986658669e+10
7.348091704693139076e+09
4.778361360476905823e+09
1.331404297853542900e+10
3.015049711216687012e+11
3.243350940873064041e+10
3.733989288045876312e+10
1.103491322792010880e+10
1.479759443816841888e+10
3.975927702408405304e+10
4.540527845964439697e+11
4.688341194084406853e+09
8.512021337668065071e+09
1.350436550014556503e+10
2.688954414202590942e+10
1.927375728410250854e+10
1.251526811412876129e+10
5.169043404995428085e+09
5.105036385221604347e+09
4.148875988612194824e+10
3.454770199623452663e+09
7.801463552000279427e+09
1.112469825392362213e+10
1.599986340616627312e+10
8.566293181045210838e+09
1.237592671279528236e+10
3.110587693926596069e+10
6.572715725662755966e+09
2.615539455807135010e+10
9.895278617597131729e+09
3.499460979077971458e+09
1.268181726219672775e+10
4.229797913397665501e+09
7.160381350020134926e+09
3.242287615167102432e+10
3.659553136058002949e+09
5.342983938041237831e+09
3.497530716440768719e+09
1.130015921835458374e+10
2.415745636074098587e+10
1.637845431552372360e+10
8.195896690412284851e+09
4.258866573436662674e+09
9.571036031782484055e+09
5.523321676002724648e+09
7.909637517408894539e+09
3.858375552494644928e+10
5.664132334349147034e+10
1.014206189274558449e+10
9.276595620880586624e+09
1.175737183171259880e+10
3.597166910940204144e+09
8.230137663233808517e+09
3.192545692612223816e+10
3.726184797301089478e+10
1.090148684036990547e+10
1.015460250550292206e+10
1.104168731487674332e+10
2.634257693610855103e+10
2.121081675452589798e+10
3.015056424291390610e+10
1.250302654253624344e+10
1.330243629267517853e+10
7.496571827537657738e+09
1.736888107779061127e+10
3.980224723244831085e+10
1.269692588283911896e+10
4.834175244801526070e+09
4.440273243404370880e+10
7.293199603683135986e+09
6.567808750009259224e+09
1.958396195729734802e+10
1.451074373242937660e+10
2.864252613901395035e+10
1.468724849339701462e+10
1.123311679277082443e+10
6.136407360782237053e+09
4.039888333025848389e+10
5.713497771704585075e+09
4.047515926697410583e+10
6.751676219914810181e+09
1.541457426935873604e+10
6.265818486457873344e+09
9.298232194457502365e+09
6.091465167454576111e+10
7.393739116469180107e+09
1.062532866314747810e+10
1.913334128365345764e+10
4.796827387171387672e+09
3.655973163321471214e+09
9.732874147766799927e+09
6.192726248364249420e+10
1.480751122230064774e+10
5.589646483526214600e+10
1.216124124302283859e+10
7.217225662126313782e+10
6.744359682532228470e+09
1.219821182572344589e+10
4.697538775868476868e+09
1.215185997849600792e+10
9.008758427143795013e+09
1.736489283861895752e+11
6.016625754756797791e+10
2.082374045120981598e+10
2.236077844141466904e+10
7.289934770843830109e+09
2.584452551136143112e+10
4.743573504373355865e+09
1.131278532577868271e+10
5.105504998745596313e+10
9.287979292053390503e+09
1.595304737340745544e+10
1.832922737746994781e+10
1.577535692583612823e+10
1.616359954929474449e+10
1.168388013510368919e+10
2.661744987891504288e+10
8.529542453108962059e+09
1.205257321422061920e+10
1.220215692635294151e+10
1.345808011369639206e+10
1.507737909381859398e+10
1.175166916476135445e+10
8.083073747674759865e+09
2.161032156512512970e+10
5.456363439602829933e+09
8.033864952763616562e+09
1.232755564983640862e+10
3.861514132935266876e+10
8.770069288274154663e+09
1.053581583691196442e+10
2.897674550472081375e+10
9.234846540640350342e+09
1.437300550442755508e+10
1.252205884681036949e+10
2.924828364651531601e+10
1.164190331502964020e+10
8.063657697462650299e+09
1.853747683092131805e+10
9.786913213793487549e+09
9.638824527390741348e+09
1.910132589685852814e+10
1.314259560244314003e+10
7.611294395634032249e+09
1.087603802067203522e+10
9.854868683271358490e+09
4.461251089543709755e+09
1.038463477771762657e+10
1.103153503464365196e+10
6.021768032442275047e+09
3.359671028191068268e+10
7.674344949136532593e+10
6.337192481445299149e+09
1.947578413566642380e+10
5.563145992292864799e+09
1.099776618453794098e+10
3.368025464225944138e+10
2.201672559222843933e+10
1.547567108656999779e+10
5.277184605533127785e+09
1.518994824958245277e+10
5.003207862640263557e+09
7.633225174343942642e+09
8.231606214502500534e+09
1.127035017732683563e+10
6.598499509032916069e+09
8.459890620418554306e+09
7.719327860330279541e+10
1.611037490358142471e+10
1.087603802067203522e+10
8.390950203918701172e+09
7.892159583183994293e+09
1.271617108902654457e+10
2.111259996171128464e+10
4.626738037959644318e+09
9.019855714948722839e+09
5.240047122409664154e+09
1.647162897136831474e+10
7.541200782830532074e+09
8.781944841392059326e+09
1.350988022173410606e+10
1.126419360652914619e+10
1.095851695771949196e+10
1.292810296297959328e+10
1.479088823085539627e+10
1.228206015918131447e+10
6.206336214701468468e+09
2.576416521456513977e+10
1.121146960464064980e+10
7.569775635521832466e+09
6.744440125266043091e+10
5.221868820980748177e+09
2.065751834066251373e+10
5.157573541059008789e+10
6.865086409933382034e+09
1.465008402459493256e+10
6.266927565980552673e+09
2.320877515529755402e+10
1.047524668137604332e+10
5.444462989869677544e+09
4.643285226369523621e+10
4.413464205256549072e+10
1.055646852972611542e+11
2.005452434895812607e+10
1.533577766561230087e+10
9.117466636814310074e+09
7.216211953751442909e+09
1.245473794723317909e+10
4.247292986068047333e+10
2.668513360314993286e+10
9.649513676207269669e+09
3.527904332266266632e+10
8.994238359862844467e+09
1.045947304327235413e+10
1.065718074558902740e+10
1.504037445213093758e+10
6.698372590167591858e+10
2.266446229507805481e+11
3.467839402033651733e+10
5.752932414198248863e+09
6.575429618644688606e+09
1.653769329710662270e+10
9.482326321351613998e+09
1.294295028580851898e+11
9.559944792040767670e+09
2.518172644246236801e+10
6.750572259543228149e+09
8.364716586747859001e+09
7.110604694482578278e+09
1.038875069324600220e+10
9.651556765351268768e+09
1.349768880189595795e+10
7.420989884543071747e+09
1.332119869431632233e+10
8.570557738247307777e+09
6.865086409933382034e+09
1.221051590408857346e+10
1.475886318609499168e+10
6.123568402799909592e+09
1.366120368524500847e+10
1.223834694623856354e+10
8.972416129590007782e+09
1.080360066104848480e+10
1.782911489787047577e+10
1.366120368524500847e+10
1.270957199946232414e+10
1.029799533184695625e+10
1.038875069324600220e+10
3.237956215905799103e+10
2.169490187009313202e+10
2.633913995927967834e+10
1.127155852591371155e+10
2.752593386270880508e+10
7.346530584675422668e+10
1.092902022316564178e+10
4.227343703600010681e+10
6.509401785307604790e+09
1.453447436106426048e+10
2.947953192304700089e+10
2.328763974739797592e+10
8.254470873627385139e+09
1.369393595481444168e+10
9.518921877186138153e+09
9.532748762897684097e+09
8.695205537901517868e+09
1.480013288277687454e+10
1.504860940452937126e+10
2.740162543257612228e+10
9.389659854520046997e+10
2.179732368492213058e+10
2.772811282490402222e+10
9.088466827950977325e+09
3.342185591805446243e+10
8.160102398699152946e+09
9.636066180562589645e+09
1.148236296782344360e+11
2.272380151546954727e+10
1.142575636018963051e+10
1.177831982847592354e+10
9.530281619801195145e+09
3.095821489129858017e+10
1.086525502497352219e+10
9.651556765351268768e+09
3.864249919120889282e+10
1.524852244057547569e+10
4.160377760097609711e+10
2.909741102077002563e+11
1.349194717363816833e+10
4.857452487932676697e+10
1.643804133757262230e+10
6.003437697266643524e+09
5.543281995694338989e+10
8.173225565754747391e+09
2.033577907423547745e+10
1.373730101858691978e+10
3.781597883453245544e+10
1.257242716348941231e+10
1.093608017436917305e+10
6.717454652129045486e+09
7.674923619386807442e+09
1.184208911379661369e+10
1.834756557399047852e+10
1.062961252255770111e+11
1.208116796872000694e+10
1.512553619810605621e+10
7.049456520889297485e+09
2.466547561359659958e+10
3.569954371303054810e+10
9.791864037285650253e+09
9.571079131965284348e+09
1.739430004088985443e+10
2.521881508004283905e+10
6.312816546125502014e+10
7.782497822272476196e+09
1.361617175193148041e+10
1.056561548358095551e+10
2.499464642048330688e+10
1.436441598488908005e+10
9.177416177031248093e+09
8.421566274066462517e+09
1.790125127236085129e+10
3.452956610086849213e+10
1.260409174819628906e+10
3.006402507164450836e+10
3.164187880348921585e+10
1.452306003632225609e+10
2.049793365658442307e+10
3.065580931199069595e+10
1.095103611326961327e+10
2.092880437179471970e+10
8.994542377234304428e+09
1.386246194888047600e+10
7.281642357999998474e+10
1.155797956581155205e+10
2.014672813417697144e+10
8.701974571566265869e+10
8.876159162353406906e+09
9.461299003110408783e+09
6.846452159237884521e+09
1.315430458770286369e+10
1.599266784033312607e+10
9.638824527390741348e+09
1.741480898570169067e+10
9.661814388135383606e+09
1.303325791125715446e+10
1.416396143200347137e+10
1.616359954929474449e+10
9.301490294906339645e+09
1.260081164441358948e+10
9.468892673640052795e+09
8.722066824687847137e+09
1.489110912338775635e+10
3.834245470919615173e+10
1.098917811248885918e+10
4.296611672254099274e+10
9.008758427143795013e+09
1.730592431738973236e+10
1.091378365834970284e+10
1.491336676911590767e+10
1.362410387182040253e+11
1.567797158461429977e+10
1.477475780323812675e+10
9.661814388135383606e+09
9.813967392430171967e+09
2.796004434517569733e+10
2.049793365658442307e+10
1.289219446765929794e+10
9.647393881010375977e+09
1.739141447111542130e+10
2.266446229507805481e+11
2.582752011732057571e+10
4.473108981072619629e+10
1.576814614532777214e+10
3.608488941189298248e+10
3.431514273215873337e+10
1.875553067987707138e+10
9.605332864286334991e+09
1.303875640688356972e+10
1.418469601573431969e+10
1.847161358215919876e+10
1.251813638681624222e+10
1.051176894502412224e+10
1.329935754794892120e+10
1.343717390658201218e+10
2.807802946981268692e+10
1.457737151290639305e+10
3.156458527629820633e+10
1.361556357524654388e+10
3.180796699984563828e+10
1.006953546553027534e+10
2.256898846833908081e+10
9.721157764697511673e+09
1.109376064999993324e+10
8.416313358168408394e+09
1.037445140745210457e+10
1.570442005048004723e+10
9.605332864286334991e+09
1.635210841044635773e+10
3.218510185223419189e+10
1.741123246776332092e+10
1.485252748052389526e+10
1.491336676911590767e+10
1.214268590087981987e+10
6.320243516661035919e+10
9.854868683271358490e+09
1.201756037311060143e+10
9.958656632502841949e+09
2.790481024924813843e+10
1.746123591196170807e+10
1.361410128407408905e+10
1.631219659750411415e+10
1.281039177131005287e+10
1.678329931989624214e+10
1.128960253285041237e+10
1.347478282022739601e+10
1.160318418095010376e+10
1.362043036516210175e+10
2.612636039331544113e+10
1.106770931467675781e+10
1.106888166192078781e+10
1.433391479806028748e+10
2.801244080272307968e+10
1.028404214605262566e+10
2.260111624496339417e+10
2.193974424616524506e+10
1.306018478200005913e+10
1.086337300961841202e+10
1.153676098616868973e+10
2.475737802253921890e+10
1.433391479806028748e+10
1.467981966510553360e+10
1.426265288574835587e+10
1.157566530346545792e+10
1.323118529639544868e+10
1.466669743419476891e+10
1.358702005979724503e+10
1.945157236684315872e+10
1.945157236684315872e+10
