2.055998677743484020e+09
3.255726636764660034e+11
5.274951602678829193e+10
5.883422237791419983e+09
1.206497423655005646e+10
2.876436951742281723e+10
8.835725590353085327e+10
2.617883424050907898e+10
5.303443488626840973e+10
3.218237853107223892e+10
2.300696316503417358e+11
6.109585819446320801e+11
1.328193689210472870e+10
3.998863716013752937e+09
4.735829449384301186e+09
2.223217751483706284e+10
7.080351235768411865e+11
2.472439057809968567e+10
3.906419553633780670e+10
9.190384011846783447e+11
3.352488202127239380e+11
4.846433177069692383e+11
7.739894071750608444e+09
4.692152343052912140e+10
7.347129762846671104e+09
3.042433567581098633e+11
9.231933203864831924e+09
5.288268395349490356e+11
1.256117437891700287e+11
1.014119569432480621e+11
1.085897546711430740e+10
3.033999260165693359e+11
2.534177614942947083e+11
1.878192423750195007e+11
2.962475652335390091e+10
1.821586352112361450e+11
4.640262852258312378e+11
1.638575611162192688e+11
2.347290090569813538e+10
6.610694533853673935e+09
2.817029803352360156e+13
1.306657703182478943e+11
1.671900094992090759e+11
5.376236974788651276e+10
5.150846740155038452e+10
6.665227553129641533e+09
4.430274521878099060e+10
6.312953132073422241e+10
2.411935256155311203e+10
1.603840958589385414e+10
2.939110103242430210e+09
9.333306058495972900e+11
2.925971137433858871e+10
5.963750126036465820e+12
3.219212385539338303e+10
3.426700312912373734e+10
6.853322953306821289e+11
8.540681909877740860e+09
8.912132266602667236e+11
1.690944888026356812e+11
2.023982905437767410e+10
3.677670122388088226e+10
4.863478967269367218e+10
8.803957725661893845e+09
4.943694435099183655e+10
2.841485107919015121e+10
6.168981283639737701e+10
5.094880937958332062e+10
2.747961726959479141e+10
1.346129225058363914e+10
6.770077585383165359e+09
6.505554125608768463e+10
5.027992742065645218e+09
2.913493269767562103e+10
2.276619648323807907e+10
9.491851278069392395e+10
1.278423855769204903e+10
5.552688831955801392e+10
1.648672806316575623e+11
1.058457617199648666e+10
5.669947798405175781e+11
7.101692387480038452e+10
9.676795315075722656e+12
6.404827369132225990e+09
1.664206513801624298e+10
5.207066929218424988e+10
2.632514616081605148e+10
1.830754736512399292e+11
5.839241750676901855e+11
4.526179921915399170e+11
6.774566854193132019e+10
2.706668898779090881e+10
2.317038825331801987e+10
4.961507951561395264e+10
2.057019758889715958e+10
7.890628110835301399e+09
1.422024775272178650e+10
2.577253169552700424e+10
5.521213237473116302e+10
1.419186626531157684e+10
3.737607998648633575e+10
1.428937521217999878e+11
1.402778071725403442e+11
5.080874477930316925e+10
4.878236488577355194e+10
1.106491804538261032e+10
7.813321305372238159e+10
5.691613060209641602e+12
6.554828990717677307e+10
3.167063748723794556e+10
6.685230831456331635e+10
3.475394889328557129e+11
1.466658598311636658e+11
6.363844160352737427e+10
1.450110478490902328e+10
3.400517416145660782e+10
4.967502946636107635e+10
9.534487170652149200e+09
1.418579708427608490e+10
2.548019472322373581e+10
1.925322007790371323e+10
3.525221434258998108e+10
1.548081189772145081e+10
4.677090832737080574e+09
1.348288676967298279e+11
1.862210259011280823e+11
3.322747867273851929e+11
1.105412693004576111e+11
5.411748003961740494e+09
1.237592671279528236e+10
1.404914229441233643e+12
3.318516685075288086e+11
4.177318477242729980e+12
6.223300866250539398e+10
8.815835721007698059e+09
1.985195633576699219e+11
5.396357479779124451e+10
5.460817890018668175e+09
1.158962144630749359e+11
5.415820746039514923e+10
5.670413983787257080e+11
5.000583341629476929e+11
8.716160256684211731e+10
6.738728381277042389e+10
1.120875544580515289e+10
5.126940144836656189e+10
4.832263497361138306e+11
4.185640988942387390e+10
6.376270364198553467e+10
1.327280963321977692e+11
1.588110051749349213e+10
3.858375552494644928e+10
1.108811719819460144e+11
3.253353018832015991e+10
1.225329302534011459e+10
1.463804034728906250e+10
2.405123254458765259e+11
2.979268088712865067e+10
2.682017328318300247e+10
3.803378820965627289e+10
7.712017407683995056e+10
2.836943354306351471e+10
2.713904695203196716e+10
1.292621189521306038e+10
1.101609189543608246e+11
6.651261999759918213e+10
1.461016334472266541e+11
6.794824997086785889e+10
8.816957061598355103e+10
1.541310976434342384e+10
1.947950771550015564e+11
8.112966666194514465e+10
3.473419448341519928e+10
1.070044276793292427e+10
5.807997819502023315e+10
7.971511202101156616e+10
3.737810367478605652e+10
4.150901932844335175e+10
8.909662551706388855e+10
8.123559342088267517e+10
6.506897110268764648e+11
1.846511345494817505e+11
9.388711878662828064e+10
9.714960295565011597e+10
1.330608523997831268e+11
1.075916665058878021e+11
1.584422864451980209e+10
1.856765068701259232e+10
9.455458637969180298e+10
7.190840712825101852e+09
3.489696219221300507e+10
1.290459790802593422e+10
2.296322514634698486e+11
1.341574038107841682e+10
8.673395141103796005e+09
5.035816813239436340e+10
1.347667603249192429e+10
8.458534629321942139e+10
5.556443736875465393e+09
1.236782589453180695e+10
1.595344303445553207e+10
5.028796584159104919e+10
6.260580238523512268e+10
6.505183419773167419e+10
2.366072650663472900e+11
2.632378836924345703e+11
7.455027485582064819e+10
7.641113544568861389e+10
5.954476666459790039e+10
1.731401760855339050e+11
3.047608231145162964e+11
1.941938690058108826e+11
3.823287595819200134e+10
9.032829975410217285e+10
3.565602389759416504e+11
3.110587693926596069e+10
4.617929291835012054e+10
2.062260465956680679e+10
2.942639820792857361e+10
2.340939289733879700e+11
5.307562421733627319e+10
6.345167979093901062e+10
2.444688664652265549e+10
3.447310552700537109e+10
5.612818955353324890e+10
2.514105792663549805e+10
1.320374924634550629e+11
1.734696969455441666e+10
5.458730761560898590e+10
1.305764298911174561e+12
1.039700711117092133e+10
2.142269162471663208e+11
3.183470563775068970e+11
4.864333860333908844e+10
7.142852860174792480e+10
3.319678740095597076e+10
2.647096981651010132e+10
6.968528657996774292e+10
3.751334588623593903e+10
6.736120952799739990e+11
4.892550604059616852e+10
1.688011699619177055e+10
2.593453322258767700e+10
6.804459333795323181e+10
4.425416586830600739e+10
1.507737909381859398e+10
1.637845431552372360e+10
6.332513469281169891e+10
6.200431009605318451e+10
4.229532861584517822e+11
4.445099533103301239e+10
1.933332691360073090e+10
3.210439494108616333e+11
2.720673616199738312e+10
3.449904239950149536e+10
1.104206629349719391e+11
2.467906214371122742e+10
3.216507262804309082e+10
7.378955383127354622e+09
5.152445314305347443e+09
5.858249568502585602e+10
4.632951092809517670e+10
5.140313963675055695e+10
1.607382759154991913e+10
5.480072805746101379e+10
1.318957221780343246e+10
5.590002907534254456e+10
4.708614319874212265e+09
1.489154632433200645e+10
1.608554950590591309e+12
2.614538693067203140e+10
7.954885558580850220e+10
1.475494587988791466e+10
9.880909506502061462e+10
2.011735859617760620e+11
3.350813776470296097e+10
3.060868114851040649e+10
1.869611104617208862e+10
1.476015365591510582e+10
5.424494950081680298e+11
2.349015860951604614e+11
3.121683595478364258e+11
1.277036722821165009e+11
4.327018890268122559e+11
2.215748012558345947e+11
6.433391317083627319e+10
5.126444045881840515e+10
1.099776618453794098e+10
3.359671028191068268e+10
1.162180727883565140e+10
2.588861173081983185e+10
3.645642207740132904e+10
6.742186499176923370e+10
6.538682787924773407e+10
1.181716240855178070e+11
3.908251838859006500e+10
4.858094234401421356e+10
6.902166961192002869e+10
2.788804753605422974e+10
7.073227896552921295e+09
2.920803819206404419e+11
9.673341848116815186e+10
7.513255567386337280e+10
2.585248724896756744e+10
9.844849309980494690e+10
1.954710123826585007e+10
2.035429776938806152e+10
4.430493729045466614e+10
3.870465382525243530e+11
1.092541652745540924e+11
1.392082799718899536e+11
2.577373643748893356e+10
3.373687526937434769e+10
1.049836528930564728e+11
1.709344202801273804e+11
1.439280683679774475e+10
4.349244663080787964e+11
1.847398443202056885e+10
3.472815379406792450e+10
6.946297649846212769e+10
2.002342392387015076e+11
6.806466083605409241e+10
6.177241595727671051e+10
4.353311574403591919e+10
2.497812412006578064e+10
1.895015354409745026e+10
1.727655492692282867e+10
5.368640835099070740e+10
1.871766170563982391e+10
6.759719865453279877e+10
3.442800129369635010e+10
1.017443020418490028e+10
1.418277080870815735e+11
8.986572016657112122e+10
7.765418904909039307e+11
2.893615254867337418e+10
1.011387939087735596e+11
6.144403280243022919e+10
1.533715975264730835e+10
1.504234269397482109e+10
3.715898012375888062e+10
1.336809625904620972e+11
5.970616926486406708e+10
6.487891228588961029e+10
2.901042124702400970e+10
1.832922737746994781e+10
7.189952192348353577e+10
1.560236744905851318e+12
1.268605796774825287e+11
7.787313549185224915e+10
3.914192804850789642e+10
5.794402473124114227e+10
1.869684402988188553e+10
2.197844596922743988e+10
1.227936923705344391e+10
1.249057985585996094e+11
4.114640928019436646e+11
1.866058178030726624e+10
2.882194284486911392e+10
1.316193998884480667e+10
1.116994419619011078e+11
3.102152491735108948e+10
1.282132995605671997e+11
4.079759978614948273e+10
9.580732164647315979e+10
5.503896762194857788e+10
6.733073041169345703e+11
3.604700042906307983e+10
7.330561533711837769e+10
1.604227884098601685e+11
1.153296741743214798e+10
4.203217011727064514e+10
3.307311636325078201e+10
8.222801839599913597e+09
5.221272510244129944e+10
2.808190256565242004e+10
3.467839402033651733e+10
1.203015650853000641e+10
2.005427295681702805e+10
3.320934589042111816e+11
8.264563575601145935e+10
2.559277861464939880e+11
2.733626517365699768e+10
6.645682646644304276e+09
2.937282476980124512e+11
3.335642497004336166e+10
1.357789314926104431e+11
5.847675693936174774e+10
1.920426365369032288e+11
7.058316785029513550e+10
1.984710192077607727e+10
1.188924885549254913e+11
2.444358492861420441e+10
2.740162543257612228e+10
1.632126560359560242e+11
1.460734195893798065e+10
2.471959451544080734e+10
3.086620512932817078e+10
7.212707055701550484e+09
1.602611047024735718e+11
4.642173808723045349e+10
5.431830556304059601e+10
3.864249919120889282e+10
2.668513360314993286e+10
3.197970072177642059e+10
4.575844338069176483e+10
1.066770301288217545e+10
2.496080721401868820e+10
6.312816546125502014e+10
2.103424271053943634e+10
1.745330077399211121e+10
2.133178795608880005e+11
1.167770654707687378e+10
2.575952874265959549e+10
3.379859394890826416e+10
3.546271963964687347e+10
4.448825846430635834e+10
5.373902861007031250e+10
3.729615565123902893e+10
4.349140329761762238e+10
6.103391963912094116e+10
1.557202350081020546e+10
1.730257975206382446e+11
1.294074229881337929e+10
2.752593386270880508e+10
1.028727178401514282e+11
3.272206601251299286e+10
4.440273243404370880e+10
1.853548997789209290e+11
2.006257922927307510e+10
1.121807197411553192e+10
1.121482245448504486e+11
4.521981779100707397e+11
9.714999280682751465e+10
1.391555995557929077e+11
5.457114746770433044e+10
1.142575636018963051e+10
6.540530989313404541e+11
1.867479024848191833e+11
9.389659854520046997e+10
3.957608594836399078e+10
2.047772823813085175e+10
3.281561288930021667e+10
8.760757767658697128e+09
4.422484889442880249e+10
7.537608888408309937e+10
1.691512661926454163e+10
5.750650174753343964e+10
2.398008387504917526e+10
3.876839715624777985e+10
1.569122014299347878e+10
2.551308042889118195e+10
2.659760800813441467e+10
2.278154207139470291e+10
9.126484757114340210e+10
1.173277469725180244e+10
3.517929020016481018e+10
7.201060022574484863e+11
2.400603423295112991e+10
7.714996356697537231e+10
1.093999465117383766e+10
3.719593676784516144e+10
1.247556656082401886e+11
1.632009680335095406e+10
3.767470025069084930e+10
3.566014255673806000e+10
4.461190339034544373e+10
1.913334128365345764e+10
3.747316220657263947e+10
1.714688003016061020e+10
3.095821489129858017e+10
7.603473593905682373e+10
3.305829160019674301e+10
1.344460361866540222e+11
3.575829532924291992e+10
5.456375445806158447e+10
1.931911759423765945e+10
5.794347658368329620e+10
5.402820340121634674e+10
3.835466614473297119e+10
1.534405253368560791e+10
7.803132943197468567e+10
5.043851211877478790e+10
4.072462676025107574e+10
2.689849422500804901e+10
7.582730891156745911e+10
1.632086228397222328e+10
3.559118064691092682e+10
2.875037251320727539e+10
3.374286974217735291e+10
2.630978907308059692e+10
2.624245902092906570e+10
4.930818237361090851e+10
3.194492732047324371e+10
6.458331291625308990e+10
7.049914026678848877e+11
1.241083474772502441e+11
2.102321086706688690e+10
1.947578413566642380e+10
1.754871458177843857e+10
1.120306175613564453e+11
4.227343703600010681e+10
1.526305066576030350e+10
9.639772277570042419e+10
7.616331426125210571e+10
8.563381248015850830e+10
1.272414933555875206e+10
2.912456911736556625e+10
1.200328434417283249e+10
2.320256392321824265e+10
1.555789478605458450e+10
7.333180194529032898e+10
2.318797195115657806e+10
3.608488941189298248e+10
7.130405830120989990e+10
2.995225826317971802e+10
2.240685840085524750e+10
8.981735306178729248e+10
2.321281338479574585e+10
2.633913995927967834e+10
1.205257804563402367e+10
1.229602368561830902e+10
1.739048910872626877e+10
2.241261610715838242e+10
7.329728253769976807e+10
1.159415960646540833e+10
3.514318509027925110e+10
1.468991681446642685e+10
1.927055330737953186e+11
4.607816047990261078e+10
1.499998382447484436e+11
