1.985633146833281517e+09
5.529691464924878120e+09
3.025313047092298985e+09
1.972738015500066519e+09
4.814316423187958717e+09
1.125819575909847260e+10
4.452058693398707390e+09
9.469051166070432663e+09
2.713837401659862041e+09
4.003124647729515553e+09
9.061243953967264175e+09
7.812878223865951538e+09
2.245667359220129490e+09
2.391784451798398972e+09
4.471645600860820770e+09
5.375134892871095657e+09
1.331540754376583290e+10
2.742231683852616310e+09
4.237084811398365498e+09
4.901326366047812462e+09
6.735213693785275459e+09
3.355436935833097458e+09
5.280246298976051331e+09
2.625981237348851681e+09
4.630285740162170410e+09
6.819266652945832253e+09
3.886208645453495502e+09
3.128887169115717888e+09
9.489597068535556793e+09
9.487553295207611084e+09
5.483816758029467583e+09
1.193603278701156616e+10
2.435937646340941906e+09
7.389555543535748482e+09
1.263511273231495476e+10
9.390752006602840424e+09
3.571161096266735554e+09
4.886843757808992386e+09
9.642333368591218948e+09
2.672691136558998108e+09
9.376092483716243744e+09
3.868546424324358940e+09
4.886664235775919914e+09
2.723142254427796841e+09
4.273044301439310074e+09
3.886204763854145527e+09
6.806537207286375999e+09
7.335303757627098083e+09
1.358532145133535004e+10
5.698040842250390053e+09
2.601773749318240643e+09
3.643375314905267239e+09
5.700406073250353813e+09
1.072493240209915733e+10
9.763071327905122757e+09
9.022377391127531052e+09
1.058980353563021278e+10
5.319494757459095001e+09
3.204049858750850201e+09
4.605878058324924469e+09
2.552167437676984787e+09
7.675303777314795494e+09
3.965964409599487305e+09
4.997948977216171265e+09
8.435405712467720985e+09
2.458516875038767338e+09
2.489269415559774399e+09
1.033278861897222710e+10
2.803094931972178936e+09
3.244900278769695759e+09
2.830686086666034698e+09
4.692898953165232658e+09
3.312391552788756847e+09
1.158398013616194725e+10
3.258800998317361832e+09
2.843729421143754005e+09
4.613490985720659256e+09
3.269266997357351303e+09
8.982603603595745087e+09
7.941796169716407776e+09
7.250247371886483192e+09
5.667640372367362976e+09
5.297407311821890831e+09
3.524500076649380684e+09
4.128604485612744331e+09
5.159988658487915039e+09
2.825873139934586525e+09
5.314173227343169212e+09
3.718694469178123474e+09
4.972323091102175713e+09
2.845540148018595219e+09
6.876554302748764992e+09
7.033961696901526451e+09
8.835430637727884293e+09
5.621232323115467072e+09
3.244900278769695759e+09
3.795389658358262539e+09
3.100287470930617809e+09
7.071646302650440216e+09
2.924665946562239647e+09
9.127501173967338562e+09
1.244423824612354660e+10
1.080339904271139526e+10
8.902794584202903748e+09
2.882409552836177826e+09
8.420761806400688171e+09
5.510660226320721626e+09
1.107476933830639458e+10
8.474406213042636871e+09
5.353336704841221809e+09
5.064779598508936882e+09
4.668921959353467941e+09
7.996016995883319855e+09
3.442830619666702271e+09
4.440362796060465813e+09
5.263846972838826180e+09
4.134457009536101818e+09
3.050204504674798965e+09
1.182359699289499092e+10
6.032543417964211464e+09
4.128290316322923183e+09
1.257960735284810066e+10
8.951689705855415344e+09
3.375828646824423790e+09
9.412874591711481094e+09
4.127913110071319580e+09
5.699568694844237328e+09
2.931047075058878899e+09
3.075626969502946854e+09
3.712352639009656429e+09
3.105939924416294575e+09
6.362001459017682076e+09
1.245888148704489708e+10
5.399589472385801315e+09
7.714402487543819427e+09
4.132246380086330891e+09
4.153633101178340435e+09
4.421397721806871414e+09
7.550925570415459633e+09
1.224796312745642471e+10
5.077751102657614708e+09
5.703018926285229683e+09
9.238567565954887390e+09
3.383098738721096992e+09
3.510283102531458378e+09
6.848816900706517220e+09
5.126532307024553299e+09
1.336477553796119690e+10
1.057384300112568474e+10
8.903350580327175140e+09
7.782176635771799088e+09
9.497768628102861404e+09
8.447339983280017853e+09
6.624462056524332047e+09
1.174517430982913017e+10
5.380957992856063843e+09
7.354960145222430229e+09
1.008636824392356491e+10
1.099764570174994278e+10
1.085796211730426407e+10
4.375799070480263710e+09
9.464274450097053528e+09
6.592240527849414825e+09
3.909034754166746616e+09
3.473400297573171616e+09
3.733098573198650360e+09
1.150297516802816391e+10
1.065635264636555862e+10
6.085631745795900345e+09
3.639563537240706921e+09
1.040148669574594116e+10
5.433662556973107338e+09
8.866067835773878098e+09
6.701418943790065765e+09
9.499577692940376282e+09
3.897705719788805962e+09
9.111056369839828491e+09
1.080239417920117950e+10
4.724876962589499474e+09
1.055966769255237579e+10
1.054917506955655479e+10
4.719289670895032883e+09
3.394303921770136356e+09
8.346101408284774780e+09
4.576896804050212860e+09
1.018791329748038673e+10
5.595569660857211113e+09
1.137168504719326973e+10
8.628762346557140350e+09
6.665559020367676735e+09
7.232881771715838432e+09
4.377962415703656197e+09
1.183780978386428642e+10
7.827461493951582909e+09
6.785098363539475441e+09
8.903741234148092270e+09
8.991860297444454193e+09
8.769245650696205139e+09
3.600793555570087910e+09
3.580806493825679302e+09
4.407056208494904518e+09
7.289513131115853310e+09
8.892858775763065338e+09
7.363325783418470383e+09
8.798224455101789474e+09
5.643232280537422180e+09
1.198022902251273727e+10
1.312911755714731789e+10
7.464629045397587776e+09
8.673980750486909866e+09
5.232152142901381493e+09
1.036704452184928513e+10
7.072992801965214729e+09
1.279049530978868294e+10
4.431050114261070251e+09
5.961686211645894051e+09
5.504114948557438850e+09
1.322811907057841492e+10
4.923306175753875732e+09
7.506490287424354553e+09
6.914839918285015106e+09
1.348329636487398911e+10
8.393502891181776047e+09
5.541240307329563141e+09
1.311193326558566856e+10
8.594415208628765106e+09
9.011729777013622284e+09
8.046160112563302040e+09
1.241023403442353630e+10
1.145705556717947960e+10
7.364045912500279427e+09
5.249179829809900284e+09
8.763608389472455978e+09
8.912303790478782654e+09
1.170807132693428230e+10
9.777297179692134857e+09
5.558492063479107857e+09
8.148492300591290474e+09
9.750508440031784058e+09
4.421483694442962646e+09
8.017135163902667046e+09
1.083916210846086884e+10
5.689481743631446838e+09
7.338289927131162643e+09
1.101400216180853271e+10
5.386556865323102951e+09
9.735852038503967285e+09
5.277689560291824341e+09
1.090174470305898285e+10
1.246984066298597145e+10
7.568816599155552864e+09
1.351161935612685776e+10
4.422972307597783089e+09
4.178172656838680744e+09
4.708120521945219040e+09
6.101948310067214012e+09
4.459775738581624031e+09
8.543687148988686562e+09
6.384571589979288101e+09
4.884599953473136902e+09
6.425455590782284737e+09
4.421163119137279510e+09
1.086961581645440292e+10
7.789324218191018105e+09
7.323203142430164337e+09
9.527938927310918808e+09
1.334600255417002296e+10
4.625133606192629814e+09
7.629057250000406265e+09
4.496737108862259865e+09
1.202071328729520226e+10
6.920847221756770134e+09
6.954350798511240959e+09
1.305347670311925888e+10
6.916742090946177483e+09
1.023583524526144028e+10
9.514060930383035660e+09
1.372551438310839081e+10
1.205846979623673630e+10
6.204843357332344055e+09
1.244321401851033592e+10
6.409450613787072182e+09
7.380074383480861664e+09
5.298532131343341827e+09
5.128873339347622871e+09
1.087517761300590897e+10
1.310858354095376778e+10
6.554202591532668114e+09
1.275013766939756584e+10
5.287050805143167496e+09
7.506890640704913139e+09
5.918129749926576614e+09
4.841023155884259224e+09
1.112937951675959015e+10
7.434228992254179001e+09
6.355240237373641014e+09
1.087379202276180840e+10
1.374364381377254486e+10
8.249349874025745392e+09
4.645614444715268135e+09
1.227296766587914848e+10
1.297673911256750870e+10
7.698320756686953545e+09
9.204276500219524384e+09
8.228965744628199577e+09
7.903842476590598106e+09
1.019867400180127144e+10
9.288765039744117737e+09
1.121082009513788795e+10
6.001502349509737968e+09
8.982856573146974564e+09
5.506856249599226952e+09
5.408976924948807716e+09
5.919430496073451042e+09
8.468746000063222885e+09
9.430012857357917786e+09
8.336260196554417610e+09
6.775650904528620720e+09
4.822712071221679688e+09
6.541082604379174232e+09
7.054240686984048843e+09
7.040069301456809998e+09
7.021134353830020905e+09
7.161261508076735497e+09
1.167012300071964836e+10
6.930273703095811844e+09
1.138295588297897911e+10
8.372551125521461487e+09
6.274235898871242523e+09
1.209273027429250717e+10
8.569967968430933952e+09
6.104479167381457329e+09
1.298925577167308807e+10
1.208178840860808945e+10
7.802249602399564743e+09
9.114083501557888031e+09
1.311139996568029976e+10
1.212346729917498398e+10
1.142972840237868500e+10
6.978150237246693611e+09
6.676130027472091675e+09
6.608667883343209267e+09
1.261336194050796700e+10
1.078576682483535004e+10
1.089150577776361847e+10
6.485749884199637413e+09
1.202138872138387871e+10
8.638386306166294098e+09
8.980435591300779343e+09
5.298046835609700203e+09
1.206581377206517982e+10
6.337644686658976555e+09
6.536862503340361595e+09
8.054812848150854111e+09
1.038672235568704796e+10
7.777574929325448036e+09
9.395561083827547073e+09
6.638636971187923431e+09
8.403279121485177994e+09
5.822208668391092300e+09
6.442166399464636803e+09
1.077306685832258224e+10
1.015504198528851700e+10
6.341446799519600868e+09
7.214329817801544189e+09
1.187174157771727562e+10
7.298486680462671280e+09
8.598165511721155167e+09
5.780042783100219727e+09
1.182720192824576378e+10
1.141263232674308777e+10
8.789160797755029678e+09
9.482309906153402328e+09
7.441997880556322098e+09
8.508348584307757378e+09
7.151463946448392868e+09
7.367664104606943130e+09
9.600710862570714951e+09
1.121587874706447220e+10
1.306277788458880424e+10
1.245682156746506119e+10
9.824426873078283310e+09
1.194540320366025162e+10
5.996997463418948174e+09
1.291364628734952545e+10
7.350244288912703514e+09
1.049568614812337112e+10
1.267412632518103981e+10
7.902979149857515335e+09
9.160542011737846375e+09
8.728093629197477341e+09
6.557746983857932091e+09
7.095332627223002434e+09
9.085290441235448837e+09
1.173104979615389633e+10
1.053306621014401627e+10
9.724763007284244537e+09
1.298903476250238228e+10
6.875202329016718864e+09
1.047080935704166412e+10
8.448948717548417091e+09
8.761634182573045731e+09
6.468030796737210274e+09
8.346198799034019470e+09
1.231780321180319595e+10
6.133685713797585487e+09
7.771549037251255035e+09
1.352744025690408325e+10
8.807765739437932968e+09
8.224859038538102150e+09
6.230100588353629112e+09
8.290020010164426804e+09
8.164116959960340500e+09
1.014090519561892509e+10
8.613599194334028244e+09
1.251619247552667809e+10
7.992084554705782890e+09
1.297100898827893829e+10
1.285604078180246353e+10
8.734802975354248047e+09
1.173044429310898399e+10
9.378031109828996658e+09
8.803966537457969666e+09
7.984126730733887672e+09
8.042561874575474739e+09
1.373274539158604431e+10
8.287917644633962631e+09
1.171092143472568321e+10
9.310825382622323990e+09
7.671346822611262321e+09
8.659001313425207138e+09
6.815877148177949905e+09
1.310951632985336113e+10
1.323433514642581940e+10
8.909865915108545303e+09
1.209489758695420837e+10
8.190109999523699760e+09
8.454193527696012497e+09
1.163690808630770493e+10
1.313045343693316650e+10
9.295293980870658875e+09
1.223805071700161934e+10
8.835330920804880142e+09
7.968702523342946053e+09
1.276507403813940811e+10
9.183618642374551773e+09
1.062922875994890594e+10
9.431959954380617142e+09
7.149329569126152992e+09
9.277839824610004425e+09
7.498376610230662346e+09
1.201819786228366280e+10
8.161282200943017960e+09
7.815310591957468987e+09
1.221642516392787552e+10
8.068419683988580704e+09
8.433563257983770370e+09
1.361695224187939835e+10
9.184778806261362076e+09
1.193667120495657730e+10
9.372246847901708603e+09
1.308523093897636986e+10
8.982109768748348236e+09
7.521557371120992661e+09
1.334264639683546829e+10
1.332973643191961098e+10
1.138168835954787445e+10
1.047019168130378532e+10
7.865048196310087204e+09
9.268226282045892715e+09
1.302628033651018333e+10
8.414432381770016670e+09
1.325445708088315392e+10
8.895141515159235001e+09
8.766425391342773438e+09
1.325982070450365257e+10
1.290196728920045471e+10
1.109978893287639618e+10
1.346944209018673515e+10
1.114391672584448433e+10
7.821427596927260399e+09
1.054413352829380798e+10
9.513759464758897781e+09
9.675843647896211624e+09
8.408737211539155006e+09
1.055324066423423004e+10
8.078477939749440193e+09
1.000643292897031212e+10
1.115080317946480942e+10
9.266174056759981155e+09
1.020075035109362793e+10
9.119471039223176956e+09
1.359271607177326775e+10
1.094534281350355148e+10
1.204462247863579941e+10
1.095146808706496048e+10
1.196520197912252235e+10
8.888190100330089569e+09
1.052584347817590523e+10
9.351703769112222672e+09
1.131227170578947639e+10
9.718808804762018204e+09
1.267459102799247742e+10
1.325072382517123413e+10
1.208011781794324112e+10
1.126249476488199234e+10
1.089370871731538963e+10
1.250980024693776894e+10
1.159725361403334618e+10
1.114807269781095123e+10
1.023099739017150497e+10
1.018397776693401527e+10
9.253434980005805969e+09
1.222368019013451767e+10
1.223438014463816643e+10
9.672959618497495651e+09
1.022339253576572990e+10
1.274445552925108337e+10
1.080372909608463669e+10
1.033571379771391678e+10
1.032536803418288231e+10
1.221359958984275055e+10
1.222988240452587891e+10
1.272448035351785660e+10
1.186028568837298012e+10
1.108623831990872765e+10
1.241579857861156845e+10
1.354208412606574249e+10
1.311330314316856766e+10
1.355721620467363548e+10
1.373660910174361801e+10
