2.150737142636101693e+07 3.814849380411676205e-01 1.775985906615866083e+00
1.546539590377030671e+08 2.723345334444977617e-01 1.592074089202858866e+00
1.837358223873886466e+08 3.949913347861151447e-01 1.815749546333810804e-01
8.736168041985595226e+07 2.732308296168969308e-01 1.992728838517294002e-02
9.436960778534827754e+06 1.062704403324460645e-01 4.359640305792966331e+01
5.744635062084288597e+08 8.071516180771770577e-01 1.752419284005615405e-02
1.312836949375704527e+08 4.506650211914980941e-01 1.736665318124697849e-02
1.300434421619503975e+09 2.487809428066557194e-01 6.744878128731027732e-03
3.159667104955937713e+07 2.118319366786919622e-01 3.307250697700669373e-01
1.868205285056186318e+08 7.804687204577254178e-01 5.581846629930060054e-03
2.311256912450195849e+07 4.907423113893727984e-01 4.540329415701636201e-02
9.863953832762360573e+06 8.759056810432123141e-01 1.596046291088767388e-01
1.684981624619571865e+07 2.357592476177871599e-01 2.775958193197542556e+00
1.092878321816314757e+07 5.300769467142435465e-01 1.006819400674281439e-01
1.565255170005040430e+07 1.749603828108007297e-01 1.881609893492244501e+00
2.254467935099641800e+10 4.243802040379607288e-02 4.263199456752331988e-04
6.427339624079319835e+07 9.050093538124232007e-01 1.603711845115033882e-02
1.507276933333079815e+09 1.975772702062219277e-01 6.840745322886487845e-02
1.206437191882900894e+08 3.067866691456239137e-01 2.247436630829784815e-02
4.206357232295752048e+09 1.489686044401427878e-01 7.234071311568251138e-03
5.823150712534049898e+07 7.922618818425679610e-01 6.225792097139010856e-02
1.885518595632980168e+08 2.903835497993655368e-01 8.592948176104836869e-03
4.160722857865917683e+07 7.579816351757020509e-01 8.714446259861738930e-01
8.972443739541820526e+09 5.718610842915241438e-02 6.742128898134468716e-03
2.993020875382600021e+10 1.606903563886644126e-02 1.087878561510401728e-04
7.791269114531208575e+07 4.444690425416560758e-02 2.043417376049725842e+00
4.421968680327365547e+07 7.235476352615072271e-02 3.848558931109971604e-01
4.294736386711633950e+07 3.823744072891809703e-02 1.138422984503455737e+01
9.378559265822573900e+08 9.559169086441815510e-02 4.060298956187076078e-03
1.202966389354873598e+08 3.085583236365458393e-01 2.845205105749488983e-02
2.304834083759504855e+08 1.742065523803129068e-01 5.905752394468191668e-02
2.004233493784793019e+08 7.573406927516693754e-01 4.167504706049973001e-02
2.842878351322810631e+06 8.691044389209960919e-01 1.263143573927521857e+00
1.270313609711251497e+09 9.481534221913977545e-01 1.577057258340043566e-02
2.189919687225278001e+06 6.463942423904840417e-01 4.908655135957181948e+00
1.227488515678292364e+08 1.248831018445679258e-01 3.235669130190407805e-01
5.286789715314094722e+07 2.422602457223562156e-01 1.825549947493001202e-01
1.021686765173118711e+08 3.325925445985054019e-01 1.638434545830478456e-02
3.869343639835847616e+08 1.405568458891897909e-01 5.760759515015219379e-02
5.438491325361115456e+09 9.076372047176854696e-02 2.570543018180296031e-04
6.449891593244366348e+06 8.578509107792122723e-01 2.186753454838294697e-01
1.886814169277402759e+08 1.748242696987195866e-01 1.027852360031375131e-02
9.486102774306474254e+06 2.943565293434119989e-01 6.871543293070848657e-01
1.473466531700873375e+09 3.666303245322811155e-01 4.917399852037550138e-03
3.537983799452815950e+07 5.079792322142701044e-01 1.809416929869538393e-01
1.322643680454767495e+07 9.839626168224299141e-01 5.780840119023646084e-02
1.448442685330856591e+07 9.724557748090042475e-01 3.766039521093027947e-02
1.464283952506839931e+08 3.890524092595682992e-01 1.196833558783458595e-01
3.878848677654909343e+07 1.009683289721969301e-01 6.136001161476548615e-01
3.337426376280694455e+07 9.413186921410282570e-01 4.637315064673416115e-02
1.621126700778334737e+08 3.945158562367864219e-01 1.270235675748233352e-02
3.692182285782226920e+08 1.618069368992895996e-01 8.574483338761731965e-02
2.666669390298392868e+10 2.446966590674254927e-01 2.888984113811139589e-03
4.005322095806158185e+08 4.004880390431234671e-01 5.971504769860420253e-02
9.009816623713656664e+08 7.280426205614051738e-02 7.283800412138405865e-03
8.818016335561150685e+06 6.806612828490101741e-01 3.213364042537247833e-01
1.796550212569971755e+07 8.353813736494770659e-01 1.271221378252422041e-01
7.605194445976631165e+09 2.286446910163131563e-01 1.292174741034780167e-02
2.695512957327380776e+07 2.875122537686118362e-01 1.162412017518669627e+00
1.014829281419394016e+08 4.687359314308846558e-01 6.843465618690926233e-02
9.102482822720982134e+07 1.596243462188839946e-01 6.474718547334388230e-01
1.781071633558800071e+07 2.158706338230663158e-01 8.298155442736014908e-01
2.630927642650713027e+07 3.161061188817682055e-01 9.857939450762049916e-01
5.498108016978383064e+07 7.332991584705370047e-02 3.198999514406315026e+00
1.584279249995853007e+07 4.592468531651531793e-01 6.387357055706942566e-01
8.819110918181704357e+06 4.620612697942874658e-01 1.758620831438080678e+00
2.334670728594765067e+07 7.167343067933001910e-01 1.389521120215918837e-01
4.227765143326462507e+08 3.311937612477505177e-01 2.377821852389719586e-03
7.933754587898292542e+08 3.203746752810560788e-02 1.683015081145218250e-01
2.208483256520007610e+09 2.597847605177164843e-01 2.169911482114359191e-01
3.310089791751050390e+06 4.409490724708473031e-01 1.712809112393724220e+01
2.002746719130936563e+08 1.334205799332820186e-01 2.703722332361583880e-01
1.489932805498180091e+08 3.263087779729979543e-01 1.591116672698311696e-02
4.911069066030091643e+08 1.556743249149611374e-01 1.912459731460579015e-01
3.119028928723281026e+08 1.820894425666128025e-01 7.051538203358923007e-02
1.239120270079612434e+08 2.595428745006481130e-01 2.608198632504775127e-01
7.315861460842132568e+07 3.735246920679778371e-01 4.654877462480991324e-02
2.786578178834390268e+07 5.841515435364201814e-01 9.438617421414827180e-02
1.199665883742145896e+08 2.177481520555450689e-01 1.168596628391035397e-01
7.009999435384236276e+07 2.336815573380678634e-01 4.398632745373599606e-01
1.518885223195551336e+08 4.683574451453730858e-01 6.821966419639788337e-02
1.936475694710820913e+07 6.845180772617212028e-01 7.702850895609610060e-02
5.781541111572389305e+07 6.579534070805891366e-01 1.708938687239693055e-01
1.058515743892156892e+07 9.731690231023598647e-01 1.553453839547788984e-01
5.624678997153344750e+07 1.276007271825018163e-01 1.294254846258489078e+00
5.728306914767917246e+07 1.530335869768602308e-01 3.507744536465389751e-01
2.368847152136078358e+09 5.148716452742124056e-02 6.221764193030544093e-02
3.645637502679697424e+07 3.333857221652205549e-01 1.265440097716759915e+00
8.175840101630957425e+07 4.951402809612419631e-01 8.744753935531512576e-03
4.614322133632723242e+06 7.457669222940758180e-01 1.303999814284803715e+00
2.562804584192747474e+08 1.588369676897203042e-01 1.082890985504958714e-01
6.244898711220365018e+07 8.212881574478618774e-01 2.226068076149559372e-01
1.958766438857251108e+08 3.144976285308149766e-01 1.617500329163318873e-01
3.825031198493745178e+07 1.324458711576380621e-01 1.948399774621310421e+00
1.288846467232836485e+08 9.170694431732830942e-01 1.314146972774569988e-01
1.537926457505975485e+09 3.925517438945784754e-01 2.678926955384990372e-01
2.611997890038176060e+09 3.596557492915918031e-02 2.157291255281842263e-02
2.868521839079819620e+07 8.379641385237414364e-02 1.736733839223562725e+00
1.755971895895148039e+09 8.132730897419121474e-02 3.311692335048504465e-01
4.989511394416119456e+08 2.479922272118676996e-01 5.141643060204956206e-02
2.638681345067804456e+08 1.777984208081746509e-01 3.599769739616707209e-01
3.790658644535774365e+06 3.167764400783155132e-01 3.363334371519826949e+00
2.629250752324483991e+08 5.186369331725919629e-01 1.438082871201761259e-01
5.148400914371071458e+08 1.398529904600192275e-01 1.019691281001829791e-02
1.167267617919238806e+08 4.856470320241462746e-01 1.954246257328777214e-01
4.763688671438937634e+07 3.676647546969740166e-01 3.660539579215654205e-01
6.817887857848023064e+06 6.315627160099962500e-01 3.116581193828961105e+01
2.270685156431149840e+08 4.048061987171287096e-02 3.868408771195504525e-01
9.183868142404894829e+08 1.699100803873314913e-01 3.540811323790363490e-03
8.188247890122648478e+08 8.831252864576312200e-01 1.834177204549145845e-01
4.251012744843580127e+08 2.779388283915985580e-01 7.339505583626945717e-02
9.265059728916460276e+07 3.651262437838731501e-01 2.313508632577360169e-01
2.618691804364189804e+08 1.487392669953421509e-01 1.028891102565415716e-01
1.001702448882764205e+07 9.664905668842677100e-01 1.097681913885523025e-01
5.568890459726480484e+09 1.927746240414301288e-02 2.467806635232396538e-04
1.402985272865979671e+09 7.391101902919350319e-02 1.426431346432407423e-03
4.266032896726576686e+08 3.446066883072235187e-01 2.582685694990589642e-01
1.292274028889806569e+07 3.366303204644480740e-01 7.035034892738251111e-01
2.158976736716413498e+08 2.787024222800954520e-01 5.140266037507567276e+00
1.173345481530072594e+10 2.523562300319488402e-02 6.418078325951609257e-03
4.151745874490094185e+07 2.808861956244919633e-01 2.683660309720875894e-02
4.073612738489568233e+09 7.107080306954520477e-02 7.482148007655802305e-04
5.409656582899329662e+08 9.228281118139324279e-01 2.045564486325314110e-02
5.717602130412692577e+07 9.548114633637940774e-01 1.226511597249324570e-01
9.989095583856884003e+09 2.696231665006355582e-01 2.966481979729750085e-02
1.284753502912033349e+07 6.413071955861728846e-01 8.284129038441127024e-01
4.370980606894096136e+08 3.859836680596099440e-02 1.354699871623171459e-01
1.973487851564795524e+07 6.051241898935794117e-01 4.516797277907381170e-01
4.183804116481408477e+08 6.784844823143697523e-01 1.296541359152103556e-01
1.336280644784071743e+08 4.240193331465396537e-02 1.945608570354805167e+01
2.987080991240460426e+07 4.051458041862123216e-01 1.721138108243677189e-01
1.016526477796340585e+08 5.698144758547443178e-01 4.157839688704902392e-01
1.400224859188614413e+07 9.863395903258330710e-01 9.086393607377500625e-02
4.085291183995062709e+08 1.990848784590701082e-01 4.395871906173287429e-03
9.849876361677529290e+06 4.485818333493758470e-01 2.086395963981835244e+00
1.678935716000843421e+07 6.912307490064819593e-01 9.165481466179158376e-01
4.857790747080711648e+06 9.497560080157866347e-01 1.301015671711693300e-01
6.802549641905457973e+08 2.018665915503808916e-02 1.630815703833553842e-01
5.132564729579976201e+08 1.665643928896630988e-01 3.925882334783858951e-02
4.185632788551632404e+09 9.557905477023051488e-03 3.505590624000079480e-02
2.079428637965657413e+08 5.200674979498286915e-02 3.780193531763905712e-01
1.037438262481392622e+08 3.209643734643734536e-01 2.111700064956641976e-01
1.097780312369307280e+08 8.530247064242013622e-01 4.298017233554982108e-02
8.879994711303208023e+06 9.749444556655219030e-01 3.835503126922119144e+00
9.280666219953565300e+07 2.091093453811075920e-01 6.232960303742755837e-02
4.916621049719059467e+08 1.076853343604244340e-01 1.956510157698484326e-03
6.002086497131704539e+07 5.644727675461317373e-01 9.393395373079646005e-01
9.875125261170707941e+08 1.529187287202399548e-01 4.595768207567399455e-02
7.112651339173533022e+07 5.714690563570447024e-01 3.331845779294537291e+00
4.542437041493894905e+07 5.853055862935945264e-01 4.882772562884483969e-02
2.007643821618912220e+08 2.962673551083758183e-01 1.014283187686614296e-01
4.097641506348797679e+07 2.700662404018520091e-01 3.923138083443364010e+00
1.523857965087580442e+09 6.250694260281305925e-02 4.162800734603914511e-03
5.922885002324033976e+08 1.344255374116653523e-01 2.368697193860595449e-03
5.731516576586430073e+08 3.574365227117567295e-02 2.044775914879147560e+00
1.479575160348350763e+09 7.320328270585228780e-02 9.300817764268944424e-03
1.978336768510668352e+07 6.355059396021182083e-01 8.425756296258715694e-02
2.011801204572861481e+10 3.946931574102485046e-02 2.139618530928614256e-03
1.450087649028616428e+09 1.444546631521611280e-01 2.127799793283087319e-03
2.045337239620793462e+08 3.970806261961230543e-01 9.010088141477375079e-02
3.159690785246390104e+07 3.228257847563317240e-01 1.138083168489915753e+00
3.013095278261413193e+10 2.362345716177976021e-02 1.079575527800594528e-02
2.162802081602806225e+07 7.135547850646545287e-01 2.592075482266101849e-01
5.780019796621148109e+09 1.986752171907022468e-01 1.482587398454798724e-04
7.573847824604693651e+08 6.570963036749796760e-02 1.041080243740858530e-02
6.905676401929710060e+06 5.563619747539173543e-01 6.716548722869262189e-01
1.755180745423652604e+07 5.283322179871394741e-01 9.305044000382466096e-02
2.615834179347526655e+07 5.221802480325009599e-01 3.928068721111711153e-02
1.609556326424888708e+07 4.329180479181818364e-01 1.131550417844720435e+00
3.413668811066666126e+09 2.813082281845396757e-02 2.240357607023301667e-01
5.740772308441472240e+06 5.740564932935683373e-01 2.005706608386017553e+00
7.888590537880518474e+06 8.032739030852832363e-01 8.574709132648237198e-01
3.821091072301726532e+10 1.581825656831539056e-02 2.736430802344889837e-04
1.203482432879213430e+07 4.521930448002867697e-01 4.416609895293184262e-01
2.317063606731409431e+08 5.859538013766504155e-02 3.716508270519827684e-01
4.595089145698072016e+07 6.795197844382105945e-01 7.396017303169574175e-01
6.175715850164803863e+07 4.009248768344557123e-01 5.658884406584725052e-02
2.206541583703907579e+07 3.832388921684108940e-01 6.373267899155684368e+00
1.612413112144817784e+07 8.583811882535450355e-01 3.275876471507521703e+00
1.721666505318165198e+07 7.904963479415668681e-01 2.473451358896846752e+00
1.602289795430497229e+08 2.823068245644673180e-01 1.658139401386022616e-01
5.079883943148397654e+07 2.073952614579115117e-01 5.022093520772152181e-02
5.956213552819269709e+06 6.555806952620175654e-01 8.364161451177668516e-01
8.704475551169542313e+09 2.636918089920272865e-02 2.567152524548025477e-02
4.536938689914768338e+08 5.259796064386415004e-01 6.212186986336143413e-02
6.767309288339545727e+08 2.394515019444900805e-01 2.562399302341614778e-03
1.517734844089879692e+08 2.495260021668472550e-01 5.231515255217148441e-01
2.949092642579900622e+08 2.680850638578538558e-01 6.329830118841049680e-02
9.703939528766155243e+08 4.864097321887948105e-02 3.747254079308217321e-03
1.709324876434597000e+07 2.995476065228827034e-01 9.711027100435685178e-01
3.153524262318575382e+08 3.587245747141343810e-01 1.473682098906378135e-01
2.944709913421137631e+07 8.114419992579355867e-01 5.875484553887556222e-02
2.343425614059843123e+07 8.588215909839844731e-01 3.645558137861346082e-02
7.388685743011990190e+07 4.747059872696667293e-01 1.287615779623088597e-01
2.076142030078587830e+08 1.056894719844230640e-01 9.614800691141139888e-02
7.326079068148241043e+08 8.495644976943995952e-02 6.839296761345978193e-02
1.104302565303305835e+08 6.472740935689266228e-01 2.594232160319903002e+00
4.169449937766895294e+09 1.023968721288167766e-01 2.810358897241073861e-04
4.568473639018657617e+06 6.031748570088326655e-01 6.162588966476914010e-01
4.077312833100553894e+10 1.148393694455261856e-02 3.191986944520286266e-04
7.581642141974498749e+09 1.678246685951679390e-02 2.136161433790944100e-02
9.484042738772971928e+07 2.959761476073274333e-01 4.889678412051330636e-02
3.683646554602635503e+08 1.212695101107307272e-01 6.188053408398466737e-03
4.086356832570335828e+06 8.509967689972719462e-01 1.078126258754994637e+02
1.604883785213802814e+09 5.727633837761524765e-02 1.767620653395484201e-02
1.563564994636875629e+09 1.361413198200762953e-01 4.286484739562516216e-02
2.002596051280752197e+07 4.984385578726104882e-01 4.009749281104347252e-01
5.604678302952764130e+10 9.242273093972014700e-03 4.670123090016293013e-03
7.625805863427598476e+08 6.390162665225772587e-01 1.069012099883796391e-01
4.371201909641804099e+08 1.358828665457720020e-01 2.365257829931244685e-02
1.750508673916890621e+08 3.057635330188551159e-01 1.117307883957454756e-01
1.282124550672160685e+08 3.646815739932963152e-01 1.603418657810559006e-02
3.767190651014764309e+09 1.073301466895274087e-01 6.858773551915727613e-04
4.099194808586112410e+07 4.033374400864105369e-01 2.333624017860163935e+00
2.818637355037191138e+07 3.469518184938397698e-01 4.216036199013876162e-01
1.692308601973217249e+09 2.607442079063097551e-01 7.223001702517801471e-03
4.962953870264744014e+07 1.264361957880565379e-01 3.568212194632989220e-01
1.097396267261457253e+10 5.479128496952490740e-02 2.808343950401786713e-04
2.331209216811677441e+07 2.898313137215283164e-01 7.047917479671848007e-01
4.284744703436607718e+08 6.895408887405940490e-01 2.719154210819771725e-02
4.811123431093969196e+07 8.184948172882212936e-02 1.930868657685290701e+00
4.596315039772440791e+08 9.895339595721659443e-01 1.438626507378293340e-01
1.854068585404651463e+08 1.941260494865650055e-01 2.974255870016933034e-01
1.714815304432769492e+07 2.208434849033088787e-01 2.624867605233491830e+00
3.037255329269232973e+07 6.509254807469189164e-01 1.243356768331188578e-01
2.772490059451713413e+07 7.784831200416931773e-01 1.026471465572631914e+00
9.918599271821223199e+07 3.819741287262160695e-02 2.920831071583499750e+00
7.282714716329088435e+06 2.598998306489388455e-01 1.493062843926663952e+01
2.098423352844876051e+08 9.542551434287076528e-01 6.042401363331418099e-03
9.310933268935268745e+06 7.574423307545794515e-01 1.773003298631802727e+00
1.848882347635718346e+09 8.653306124544379863e-02 1.648559357072360357e-03
2.442811023816831410e+08 6.535331626412693717e-01 2.858534166172595481e-01
4.543554704854490608e+07 9.455209458897848585e-01 2.709998225213778311e-01
9.328042404580302536e+07 2.762429837592095816e-01 1.647533685173290796e-01
7.195726136591228485e+09 2.714643799853709294e-01 6.084013937482198736e-03
2.722010721809200287e+09 8.987647286421470705e-01 5.433315869943768917e-01
6.574635628445756912e+09 4.325368963822897456e-02 2.100212385256476286e-02
2.410189991356339455e+08 5.645282494454080535e-02 2.854742488034938130e-01
3.317979437498184443e+08 1.737364345530544585e-01 6.483804524251485235e-02
2.819823941204113513e+07 2.036771869258481582e-01 3.339683972021387781e-01
3.993160990579489153e+06 6.175917005812999738e-01 1.549172408923413347e+00
2.628403084103663638e+07 3.114095873544455162e-01 5.061699173375852068e-01
1.398568438191073760e+07 5.120529921923014927e-01 5.378709391947437135e-01
8.995999650819143280e+06 1.818261218928502454e-01 3.953095226644903448e+01
1.968416387538700551e+07 2.102510169659688177e-01 5.117930628631129908e-01
7.875889065008041263e+07 6.109599978708115664e-01 1.616406109853353590e-02
5.541270756445807457e+09 2.647626264301689708e-02 2.090318478552903245e-02
1.060290944694433361e+08 1.430330947767980421e-01 1.932476715484220120e-01
4.410301518168850802e+06 7.038374918269656444e-01 1.396368442131378451e+00
9.307826355572678149e+07 8.679404844887216308e-01 4.400179701502691665e-01
3.228941065948290825e+08 1.830697517311264677e-01 1.089125263780106101e+00
9.956314911251462698e+08 9.918965494119384371e-03 9.916929664471114680e-01
1.000413307004084587e+08 3.236025592296972175e-01 1.014433594501261762e-02
3.357210707301128507e+08 3.683246695471470173e-03 7.081799383528285752e+00
4.903663275364526510e+08 4.196451209266819360e-01 2.182352919340850919e-02
2.018869997001958084e+10 6.495413324488744089e-02 9.195721192562520199e-04
3.522289336110477448e+09 7.330429561319572185e-02 2.551443608412764380e-02
4.765794364334730506e+08 1.424840933191940662e-01 1.244427944987954310e-01
5.222637420092477649e+07 7.489855542931343757e-02 1.717778524586668798e+00
1.256950574378304482e+09 3.275965554999797358e-01 1.023027390163024769e-02
8.378231497392263412e+08 1.615206580816851145e-01 8.539236431966262808e-02
1.908517917093120515e+08 9.240656817480117358e-01 1.920368951650170408e-01
1.260880562922974378e+08 5.764934486913666500e-01 6.844958787529459299e-02
5.800715384807892144e+07 1.986283383226392918e-01 1.406596036508806158e+01
1.750574397057140172e+08 3.893669928615326459e-01 7.612521809256075911e-03
1.216955277411372960e+08 5.353301458216922631e-02 2.270054775571058503e+00
1.561981457999908030e+08 5.785112616009970843e-01 4.359859659894190637e-02
7.969930212306495756e+06 7.820673617484662499e-01 7.857179503925193487e-01
2.440003185240492821e+09 4.382641276255584972e-01 2.495361759207430363e-02
4.696848713868975639e+07 3.670587861505834604e-01 2.590966675710621586e-02
4.516937980932332039e+09 4.210360070609176636e-02 1.944172043023639773e-01
1.942138764422871545e+07 9.566478685721537811e-01 1.511738484894480650e-01
5.774255284621479362e+07 2.847121648309539621e-01 5.926682068782959334e+00
4.797921536368208885e+09 8.009022959411572773e-02 1.489821502059982677e-02
1.079522089394798875e+07 9.830926750797852609e-01 2.315369329440505108e+00
5.620578932491686195e+07 8.778134545823859658e-02 1.956915208840275477e+00
1.410774229377576411e+08 2.489491936909385972e-01 1.093096098310133296e-01
3.220111305898248404e+07 3.105690260335318142e-01 7.787139542393863856e+00
8.345492329035743140e+06 6.128446854122940879e-01 1.048816044335465936e+00
3.006579873325149529e+06 4.454671676306001249e-01 1.195080268000089596e+00
3.869774415012190491e+07 6.147377076753444969e-02 1.757825334159609509e+00
3.149987429310333356e+07 4.512793045197972530e-01 5.285435876023112378e-01
5.141504522200097330e+06 5.048480450004724229e-01 2.547373037960952047e+00
4.855220753837355375e+08 7.212796719329145345e-02 6.472812306793727932e-02
5.427503568823906593e+06 7.866598836968838881e-01 1.514969017879554070e+00
1.315481023934500217e+08 1.395409098293415306e-01 7.158904999319633256e-02
3.886215307282379866e+08 1.317396885488216207e-01 2.983045668338792922e-01
7.527729836849312484e+07 2.958313540960400556e-01 6.596092410560336905e-01
7.252727660454908609e+08 3.891933532905806053e-03 6.944338488015668887e-01
3.615961399799956381e+07 8.087402616024343960e-01 2.413281277007229067e-02
1.792969767787080109e+08 3.206343080674303181e-01 1.565015106050078320e+00
1.283641651471613050e+08 4.548007366305172883e-01 5.938969380560800426e-03
1.490844341754796505e+08 8.783064512060380080e-01 1.650775697236298578e-01
1.311412625797209740e+09 7.156685693261578829e-02 9.844481878282080288e-04
7.412437507770196199e+08 3.656005420930567573e-01 9.062912210021589754e-02
1.079713058037397146e+09 2.027517601499807809e-02 8.987190418212728793e-02
1.757830066982695460e+08 2.280455954623842041e-01 6.327386598212672054e-03
1.130234298693306372e+07 6.893849209938814893e-01 2.498421310289075659e-01
1.121717613667893028e+10 3.735893092916872660e-02 6.898308044639520509e-04
2.916021401331167221e+08 1.657973873735825443e-02 5.103627911348753710e-01
4.135012038754872233e+07 4.583929058091026354e-01 4.022382085849875444e-01
2.068534413749530911e+07 1.400279685966634435e-01 3.200294737937739775e+00
3.905027976299367523e+10 6.238391636509850284e-03 2.467754366568901923e-03
9.056116012745149434e+06 4.942109755027579987e-01 1.972583610700685552e+00
5.492553929748415947e+07 1.977385404152355031e-01 1.212589209175574778e+00
2.937026773681898415e+07 6.139786164716258821e-01 2.714000719679094398e-01
1.982386103934354782e+08 8.259229435084243232e-01 2.202047528506275234e-02
2.200335271303707659e+08 4.307691681555673724e-01 1.479730837140794293e-02
3.300431406263293624e+08 6.226246354974038777e-01 5.956842460298952119e-02
3.272815777535654902e+08 8.175867987080129851e-01 9.100312081035479006e-02
2.736239673332332373e+08 4.535409526688370940e-01 2.406493477965236660e-01
1.900050925042753696e+09 2.532075369545125007e-02 6.154968266546782113e-02
1.390918106721214354e+08 2.923204579146762919e-02 2.860336436048907527e-01
2.660086928434536606e+07 5.038134152785678221e-01 4.604212474466054528e-01
4.203651467785017014e+09 7.440962071121448584e-02 1.522342292596113103e-02
1.405569811343523860e+08 2.619833470857400037e-01 1.148303382892527785e-01
1.103628103488346003e+07 8.613344257258435110e-01 9.977597323986637790e-01
8.757269227450535583e+10 2.507739952831312263e-02 4.442452509588791683e-03
4.272265210724867880e+07 9.925355369652453241e-01 8.161506821398251788e+00
3.282617616907569394e+07 1.793421323555802194e-01 2.426678217783415359e-01
2.473059990809796378e+07 7.140187332241859641e-01 2.500285635352632596e-01
7.710269197800274193e+07 4.264794349813044727e-01 1.015479062994836638e-02
1.026248154533705354e+09 2.579033818188455340e-01 3.496388182196376315e-02
3.044013046647433043e+08 8.233777537173596617e-01 5.092857072939608459e-02
1.712158878657512963e+08 2.953626994398208527e-01 9.474648494147540345e-02
4.162238489511891268e+06 3.410091539704158681e-01 3.749593696231525541e+01
2.318885787348479033e+08 2.982755281994536323e-01 2.388514736906518277e+00
1.037918177078513429e+07 8.939744669655492748e-01 8.715858155939220087e-01
1.669410517064324319e+08 3.854216395455445365e-01 9.628599301206434979e-02
2.582657725511164591e+07 7.225698869618220055e-01 7.186047173984476399e-02
1.538383395804354191e+09 1.292009610467303726e-01 1.138768865782238959e-01
4.025660279961241875e+06 9.113212400328257745e-01 8.759626520566587971e-01
1.609677057495173812e+08 2.489111700057453358e-01 2.574849849185761874e-01
1.557817270439658128e+07 6.560720847047214477e-01 6.772115103493036026e-01
4.758797818617928028e+07 2.208249764099882717e-01 1.650263242779392847e+00
1.134134826239062101e+07 9.481175083167584505e-01 4.157166050258166434e-01
4.435334492536276579e+07 1.375906702116249658e-01 9.195578771057883571e+00
1.798106121136131287e+08 2.878769501825702570e-01 1.730188616961615689e-01
1.258554572015773582e+10 1.000050348961151067e-04 1.057349369460206301e+00
1.668622348343929768e+09 1.386883824828713252e-01 3.351377905994079240e-03
8.228771164304821193e+07 5.485097255647977121e-01 2.077114816623418569e+00
1.478582470848866701e+09 1.805776066766892063e-01 7.359902900947376363e-03
3.485036977072750032e+07 4.622168889588333385e-01 5.448307179398153011e-01
5.487949918277072906e+09 4.254238573147964275e-02 2.218285628653651883e-04
3.244820011725638807e+07 9.882271855149676876e-01 2.354836074195223311e-02
1.074336556860652685e+09 3.577203773131779618e-01 1.488901694772512552e-01
2.065275580647626221e+08 8.046284730108260730e-02 1.279978245391743055e-02
4.629518810906022042e+07 3.188934474696843990e-01 3.657551978682966332e-01
3.765023627546427846e+08 3.635729610631444064e-01 1.807786539551758109e-01
2.740207410142936707e+09 2.791444208337190425e-02 2.204125049857879118e-02
6.812811892195500135e+08 1.208678924374257529e-01 3.649300299160909873e-03
1.189752326742444420e+10 5.762679396365875950e-02 3.890608350751097698e-03
4.525076374106694221e+09 8.125872822750758451e-02 3.144298309230308952e-01
1.577570643314713985e+07 8.679870819324013442e-02 1.319358085235667000e+00
6.610580085241788626e+08 1.733955302998176629e-01 4.133163868260808504e-01
1.417740878359964848e+09 5.943233591922177789e-02 5.472145731965623837e-03
4.199226043153036386e+07 2.253899677577142213e-01 3.354802989587268303e-01
7.137279656015820312e+10 1.352987632002571917e-02 9.661475450802524748e-03
3.119356512712020874e+08 3.015333969465648911e-01 6.001117716857201634e-01
2.324273185615367293e+08 3.969259169204007037e-02 5.183888807858819447e+00
2.187762598718034625e+08 1.329458781789271127e-01 4.506589722678333576e-01
9.133189109908924997e+07 2.971046389721244685e-01 2.746521230813577796e-01
6.719828308834280074e+07 1.256049256365537603e-01 2.750243703824770680e+00
6.984600099031662941e+09 4.700283882661832058e-02 2.180994437737958369e-02
3.172561697167752385e+08 1.163240743074634986e-01 1.823569737625028164e-01
5.493317853978521824e+08 2.233616685654193912e-01 7.190440631537980964e-02
3.650797837626753375e+06 7.657906831384660995e-01 4.077370978994152573e-01
7.892352415213218331e+07 9.421405353344837197e-01 4.492737000138924963e-01
1.515207391628205031e+07 1.446970308692699103e-01 8.623586334913794005e+00
1.190744710042936355e+08 8.454955791452383185e-01 1.080504170917198636e-01
7.985763313891509548e+06 1.396455280987817238e-01 1.989931947028591219e+00
1.956237532224142551e+08 8.818017149765727813e-02 8.566204680190506737e-01
7.156488954746818170e+06 4.433331731924093910e-01 3.522670442754833875e+00
3.384624094195737503e+06 3.350949666617587530e-01 1.264380282617466733e+01
1.134980721693129063e+09 6.353185871568774179e-02 3.271425561694782380e-02
4.560918008865615726e+07 6.197726174552190548e-01 3.392652048073267590e+00
2.191431159427380085e+09 4.012278424647800490e-01 6.625523055970564124e-02
7.330982791592521667e+08 2.453015605564021553e-02 8.539279508370348215e-02
3.364325818187687546e+07 6.741676024922481636e-01 3.014583707018121395e-01
2.904672531173554063e+08 1.789252761906127698e-01 4.033436039302720766e-02
3.735325546340633929e+07 9.958715690081544336e-01 2.515447678738449988e-01
2.447590611743828747e+06 4.749343176572460856e-01 3.137530413938727669e+00
1.194653696037007496e+07 7.408885228608176332e-01 2.164012614017840619e+01
2.982506410856334958e+06 6.738393722708779787e-01 7.359757755277651636e-01
9.908416532316688448e+06 8.841656168482968647e-01 1.427943855661515826e+00
3.403145345360767841e+07 1.327505249093338391e-01 5.363091964948760726e+00
3.399965926980704814e+07 1.784477420801758030e-01 3.741182050835737627e+00
1.595174034873707592e+07 3.048295948993908211e-01 2.846806330047599309e-01
3.413464846461043507e+07 6.389361946990768093e-01 4.276077003928194231e-01
4.651748454416167736e+07 2.689899378677076958e-01 8.863037564488497333e-01
4.688265670360183120e+08 3.878275916467827100e-02 1.740794442670896836e-01
1.566679984152133465e+08 2.418446881294159523e-01 2.792560980535231663e-02
1.182411199269506186e+08 3.032325624746429193e-01 2.822802729253825471e-01
7.784696429899225235e+08 2.603860367730346792e-01 1.736666206019319980e-01
1.059370575634052604e+08 1.026675988697038078e-01 1.641299999780957197e+00
6.597500378966664523e+07 1.211181085148781283e-01 1.800648083645616515e-01
8.691101272752925158e+08 4.260948305351908161e-01 3.515730143903136179e-02
3.583260290165965259e+07 1.093853320516747912e-01 1.246514000717675863e+01
4.798035183214914799e+07 3.253888171435750931e-01 1.144929571937348012e+00
2.461010448314002752e+08 5.231850578106636007e-01 5.898181914327439018e-03
4.128905965830285847e+07 4.933360310864163406e-02 1.648019852703903609e+00
1.439265455376068950e+08 1.980802808191771958e-01 5.559419693143378971e-02
3.222301907871965885e+09 2.313864192446522527e-01 3.058513656602050435e-01
1.216843515115250826e+09 3.980431703322005466e-01 1.270041654130647513e-01
2.216026455298811793e+08 2.991883032113951124e-01 1.194741572786462758e+00
4.648427188517615944e+07 2.152181931209556365e-01 1.816930396926341063e+00
1.283788376193417795e+07 3.745755596015851174e-01 4.492270724425706518e-01
1.632513767904918827e+07 7.878442475572153825e-01 3.605634620277000102e-01
3.837886347757925391e+08 9.747347012189216953e-02 3.355216224347147280e-01
1.895073219684344232e+08 3.905434705965308284e-01 1.182221336053411953e+00
1.710138686327172518e+09 5.332946073837847162e-02 6.319052232062359262e-04
2.630936058231227845e+07 4.992285208561381693e-01 2.386570426214386309e+00
1.416624886375288486e+09 3.488422547642758970e-03 1.071352987637864018e+00
7.829562666882151738e+06 9.376550701811273703e-01 1.209102070125682360e+01
3.567458599120541811e+08 1.739056206488817299e-02 7.432102600100134460e-01
3.000305726587149501e+07 3.039110204601950249e-01 2.862054412947448098e-02
1.295936326958144084e+07 6.248901897116164728e-01 1.190256106910838163e+01
1.911175594352252781e+08 4.372661114031931029e-02 2.292297805524123322e-01
4.670059255238558960e+10 9.077362803104005451e-03 5.238221258821069114e-03
1.379534818214031219e+09 4.123468234042199088e-01 1.004906647702157763e+00
1.086650460458645076e+08 1.284193418008891807e-01 2.230586986396475346e+00
1.267454550048312843e+08 9.072370636085145268e-01 3.829191326656370187e+00
2.192385600699320063e+07 3.315984315253658887e-01 2.684872868719015981e-01
8.871772894032815471e+06 7.398814745940216486e-01 6.626950969265053004e-01
5.880912845993968010e+09 5.651095936978081102e-01 7.498706310360236937e-02
1.831891383994412720e+08 4.204089822740904592e-01 2.506619433301048375e-02
5.804277423819589615e+08 9.692926327791895336e-01 4.920295250384409957e-01
3.509976134841922671e+07 4.677887857254006687e-01 2.172716102244874392e+01
1.608708786076111794e+08 8.711101216691025106e-01 3.308608197098130144e-01
1.246071640343046486e+08 9.981597789008427035e-02 2.517638941687866949e-01
2.485687791687462330e+08 8.322176371694940678e-02 8.165681387749869069e-01
9.032570710266979411e+06 8.787801927654428358e-01 4.730072861166097486e-01
9.782382813686380163e+06 9.243731469627910480e-01 8.989264858707381178e-02
3.180602134534494206e+07 2.401098187485569135e-01 6.567088326032171075e-01
1.992466092433553189e+07 9.843901121798407372e-01 6.517240898598699594e-01
6.664750986573406982e+10 3.490130729179932029e-02 8.688432559415565359e-03
9.818135165076776743e+08 6.157706964417332396e-02 2.400254442688107628e-02
3.658038841517676134e+06 7.240073304825903611e-01 8.282077746889412451e-01
1.507479053691702783e+08 3.919750875173242388e-01 2.022618739597629389e+00
3.167546438208819032e+08 8.339719809715008259e-01 8.916898027525421710e-01
1.268418127587790787e+08 1.127221929345657986e-01 2.418106000777500361e-02
2.713036810287181661e+07 5.196564966627460480e-01 2.746503252671054884e+00
9.131958436240782738e+08 1.493632197802668982e-02 4.033578577582852542e-01
3.112721717220948935e+08 5.778267670127398142e-03 8.496228092312422930e+00
5.261460286841831170e+06 7.218000554057418805e-01 1.865474255226913769e+01
7.724763486311393976e+08 2.920762036866459410e-01 1.773472259841699442e-02
1.491469019716876507e+09 3.746565957592573604e-01 2.986321303819884990e-02
2.616155296690496057e+07 1.466346828925813306e-01 1.104049892193802052e+01
1.764267647221219540e+07 7.952331194442808782e-01 1.107405262116570199e+00
2.903685638796900958e+07 7.493392848168876075e-01 3.246556669798673411e+00
1.326227111944534034e+08 5.936520718219988335e-02 1.058324555618929708e+01
2.293206503865281045e+08 1.826736250003876405e-01 2.282072485489536340e-01
7.965030427513923496e+06 4.685146431375886156e-01 5.046117950818673759e-01
1.212684263107645416e+11 4.240376678613835826e-03 4.587022216459007463e-03
6.425362832201950997e+07 9.102771146514047895e-02 1.906781509448714829e+00
3.867475935922369361e+08 6.468598531732158707e-02 1.468246136844968408e-01
2.521895138478342056e+09 4.461814657816944724e-02 8.769875392551913784e-02
3.267896658813379239e+06 8.103917623387383307e-01 2.031924832346228005e-01
3.229264926041747070e+12 6.063118651805076429e-04 1.760469095943580737e-04
4.189819702807293832e+07 4.336777915723361576e-01 2.434257439380542454e-02
5.810248790159764290e+08 2.622818365164913956e-02 7.869405065751001738e-01
4.166443839990673121e+06 9.111476448319029142e-01 8.989358188282608353e+01
2.471521176301854551e+08 3.872592151122404291e-01 3.619500902294378597e-01
1.052457399463137388e+08 2.707158139428504293e-02 1.297846587797364570e+01
1.944695747568768859e+08 5.678114847744084592e-01 5.978554656039123394e-01
2.142866305256806374e+09 2.153117877388814327e-01 1.019855320234643731e-01
1.334707681827631779e+07 9.500729609339002568e-01 1.865596443949021221e+01
1.234290400068971962e+08 7.531675770703838424e-01 4.283911531610850032e-01
9.614726228540723324e+08 8.939418293377464353e-02 2.876040276483267117e-03
4.883004897157759070e+08 1.417629575933309072e-01 3.593946490151630480e-01
5.663450144373443723e+07 1.985080079930806249e-02 1.024865330654467499e+00
2.391229336240791902e+07 5.585961146577320680e-01 5.865594793226261316e+00
4.152865521182159901e+09 3.364756516751465226e-02 1.054095041885682281e-02
1.440403148061084151e+08 1.786660764482634334e-01 4.811823536385584910e-01
1.288443235356149264e+07 7.003920630201421194e-01 1.042880999510099826e+00
5.140335370905470103e+06 5.141261831536831917e-01 2.544180329616684944e+00
1.342068051491948217e+08 1.133471777421937721e-01 2.266740117059940474e+01
6.547553543296199292e+07 2.516349649106859876e-01 2.455634197898219018e+00
1.321824152625849962e+09 1.077596138927310737e-01 1.266298130291086850e-03
1.588727918517604657e+07 2.826305131843443452e-01 1.712094700415882853e+00
4.904677349584966153e+07 6.285905569547612926e-01 8.191512119321190255e+01
7.835339127713355422e+07 7.564144523720151003e-01 1.600151337079847691e+00
4.322050948267353326e+07 1.146970411808316964e-01 8.579718836268599436e-01
8.021856710320433974e+07 1.028216504869963327e-01 1.641436448351452082e+00
9.796683086797339916e+08 5.800306091673894382e-02 8.060479185142722935e-02
3.992127764890310355e+06 3.328106736608033578e-01 5.228053909500363261e+01
4.852435687116953544e+06 7.808017586730013893e-01 6.480233161671359099e+00
9.971454847074870020e+06 9.449717611671747397e-01 7.949292516019028643e-01
6.350790002777973175e+09 4.064724818368562289e-04 5.171810012455639871e-01
2.788945201386684179e+08 7.184469979325184275e-01 1.444354511480318293e-01
7.247889881949009895e+08 2.446165652629450071e-01 1.702101515166160317e-01
4.602308040236827135e+08 1.000195480729876157e-01 5.896837199679356711e-01
1.202610381359185278e+08 8.015147416824451587e-02 2.230520916860563863e-01
3.459448203364610291e+10 3.150521650063903278e-02 3.259347168004345791e-02
1.246256941879663229e+09 4.966265355040713064e-02 3.202297497400975745e-02
1.265903384221816063e+07 9.706700673870148899e-01 1.273982535029273944e+00
1.247704461224822700e+08 3.649689402442368169e-01 1.827631650132243990e-01
2.789017016239188612e+07 9.053635907850157150e-01 1.084764761588223214e+00
2.047125356080229878e+08 8.104098106779201727e-01 3.415974021997166266e-01
1.888799640358369052e+07 3.644060649066006574e-01 6.708086675475125382e+00
1.181194799686497897e+08 8.985872458381239936e-01 2.737864684826822950e-02
1.129583368264685757e+07 6.780066475511534740e-01 1.305222378197227506e+01
9.034145777164704895e+10 2.337971167834942618e-02 4.047588870029648553e-03
1.612642047595264316e+08 4.149574419342332288e-01 2.768330989256224256e-02
1.204279492042425275e+08 4.989397148625717565e-02 2.434562375506169885e-01
5.471823100752882957e+08 2.968774825103144555e-02 6.393372123649549987e-01
1.085518331168553531e+08 1.200154296046384711e-01 1.983916122630160483e-01
1.226539485225985348e+08 9.628463845870163795e-02 1.353831742052645559e+00
2.341133210593032455e+10 1.211975691134413793e-02 3.950095224571292482e-04
3.708892914003824592e+08 1.773228038265394282e-02 2.859564699071017180e-01
9.464138137027567625e+07 4.765143809244479223e-01 3.098448360627690801e-01
9.697350901117214561e+07 8.807035003311455279e-01 4.873983947278927586e-01
3.391052692617786865e+11 4.362503382688367212e-04 8.891395212727708566e-03
4.797935563704133606e+10 2.611490151925016656e-02 1.071118050530546310e-02
4.401752066202823520e+08 5.025109837521190004e-01 2.152095959220722277e-01
2.793460538021401763e+08 2.533626978185554365e-02 2.924516089894133031e-01
1.166433671436157799e+10 1.101488512393610925e-01 7.151054279235118105e-02
2.929240004102504253e+08 7.318412859580767371e-01 1.349658515146731352e-01
3.408837614144228697e+08 7.191525154368241801e-02 2.228893710394095340e+00
7.327788957078498840e+09 5.436123883901417507e-03 3.207264608455377003e-02
1.754068198177799225e+09 1.674683388969611239e-03 4.569016423226281098e+00
7.819775310745573603e+06 3.231340033717505777e-01 8.493660177927166988e-01
1.244161434844245758e+11 4.238488492503804557e-03 1.002834360507050791e-02
1.821384910003043115e+08 8.950087324638837938e-01 4.239025984448294704e-01
1.712376601024562378e+11 3.220444232147121662e-03 9.217077870519525123e-03
5.533509080273441076e+08 3.332728945806584520e-02 4.823406807424305831e-01
4.433939273434687257e+08 1.555223361901987844e-01 1.989328978648012003e-01
1.918643408270990849e+07 8.819607843137257375e-02 1.304824365932737784e+01
1.089102548879447766e+07 6.265042038956349923e-01 1.218719609371269552e+00
2.579695610124219954e+08 2.069612179337958213e-01 1.784130643864909049e-01
1.259828558161869049e+09 4.409374477803151837e-02 4.058882632706051208e-02
